decode: 1 0 10 1 0.009218215942382812
decode: 1 0 11 1 0.020818233489990234
decode: 1 0 12 1 0.009435176849365234
decode: 1 0 13 1 0.008994817733764648
decode: 1 0 14 1 0.008726835250854492
extend: 0 12 0 3261 0.12067914009094238
decode: 12 0 3273 12 0.639092206954956
decode: 12 0 3285 12 0.022121667861938477
extend: 0 17 0 15829 0.15750861167907715
decode: 20 0 17164 20 0.26575684547424316
decode: 20 0 17184 20 0.24982237815856934
extend: 0 5 0 6611 0.6514408588409424
decode: 33 0 25297 33 0.3979620933532715
extend: 0 1 0 1362 0.14794158935546875
decode: 35 0 27195 35 0.157120943069458
decode: 35 0 27230 35 0.04186248779296875
decode: 35 0 27265 35 0.0427556037902832
decode: 35 0 27300 35 0.040535926818847656
decode: 35 0 27335 35 0.0447845458984375
decode: 35 0 27370 35 0.040564775466918945
decode: 26 0 20944 26 0.18903899192810059
decode: 26 0 20970 26 0.03954124450683594
decode: 26 0 20996 26 0.032291412353515625
decode: 26 0 21022 26 0.03540301322937012
decode: 26 0 21048 26 0.033592939376831055
decode: 26 0 21074 26 0.03806662559509277
decode: 26 0 21100 26 0.03244781494140625
decode: 26 0 21126 26 0.03552389144897461
extend: 0 9 0 15120 0.025463104248046875
extend: 0 7 0 16191 1.356909990310669
decode: 25 0 38058 25 1.845689296722412
decode: 30 0 40656 30 0.13393425941467285
decode: 35 0 42386 35 0.04526376724243164
decode: 35 0 42421 35 0.04569125175476074
decode: 35 0 42456 35 0.048357248306274414
decode: 35 0 42491 35 0.04622340202331543
decode: 35 0 42526 35 0.0471796989440918
decode: 35 0 42561 35 0.04574894905090332
decode: 35 0 42596 35 0.043073415756225586
decode: 13 0 25641 13 0.2654843330383301
decode: 13 0 25654 13 0.02581334114074707
decode: 21 0 31735 21 0.10326361656188965
decode: 23 0 34276 23 0.1392219066619873
decode: 27 0 39588 27 0.03845381736755371
decode: 28 0 40073 28 0.03577685356140137
extend: 0 6 0 15864 0.02440667152404785
extend: 0 5 0 14374 1.361811637878418
decode: 35 0 49077 35 0.33728647232055664
decode: 35 0 49112 35 0.28935980796813965
decode: 35 0 49147 35 0.20312190055847168
decode: 35 0 49182 35 0.06791925430297852
decode: 35 0 49217 35 0.041123390197753906
decode: 35 0 49252 35 0.04260659217834473
decode: 35 0 49287 35 0.04392266273498535
decode: 35 0 49322 35 0.04241013526916504
decode: 35 0 49357 35 0.0434572696685791
decode: 35 0 49392 35 0.04206562042236328
decode: 35 0 49427 35 0.04417586326599121
decode: 6 0 17211 6 0.14137983322143555
decode: 6 0 17217 6 0.01732921600341797
decode: 13 0 21532 13 0.02404642105102539
decode: 17 0 26569 17 0.03480935096740723
decode: 21 0 32770 21 0.04680204391479492
decode: 23 0 36553 23 0.16826176643371582
extend: 0 4 0 14831 0.03378915786743164
decode: 12 0 21712 12 1.288987159729004
decode: 15 0 29240 15 0.02531743049621582
extend: 0 4 0 12129 0.021936655044555664
decode: 10 0 3334 10 1.110619306564331
decode: 16 0 8457 16 0.02526545524597168
extend: 0 2 0 6678 0.02930474281311035
decode: 8 0 5455 8 0.6492235660552979
decode: 17 0 17227 17 0.026752710342407227
decode: 17 0 17244 17 0.0316922664642334
decode: 21 0 23079 21 0.03538012504577637
decode: 25 0 30051 25 0.04361748695373535
extend: 0 4 0 13377 0.041123151779174805
decode: 7 0 14720 7 1.1043143272399902
decode: 6 0 12860 6 0.01541590690612793
decode: 6 0 12866 6 0.0187985897064209
extend: 0 4 0 14684 0.018797874450683594
decode: 10 0 3354 10 1.3674747943878174
decode: 24 0 29483 24 0.035216331481933594
decode: 24 0 29507 24 0.03248000144958496
extend: 0 1 0 3635 0.032776832580566406
decode: 8 0 5557 8 0.409196138381958
decode: 10 0 7866 10 0.024585485458374023
decode: 14 0 13193 14 0.026346445083618164
decode: 19 0 20132 19 0.0358424186706543
decode: 23 0 26357 23 0.03621697425842285
decode: 27 0 34213 27 0.04104304313659668
decode: 31 0 44000 31 0.03849601745605469
extend: 0 4 0 15606 0.02700018882751465
extend: 0 4 0 14990 0.07816267013549805
decode: 1 0 69 1 0.2810814380645752
decode: 21 0 21371 21 0.631680965423584
decode: 26 0 35310 26 0.34219956398010254
decode: 31 0 50258 31 0.039296627044677734
decode: 4 0 1643 4 0.014679193496704102
decode: 4 0 1647 4 0.01682901382446289
decode: 8 0 5558 8 0.017964839935302734
decode: 13 0 11933 13 0.025429487228393555
decode: 18 0 18805 18 0.033918142318725586
decode: 22 0 24835 22 0.035765647888183594
decode: 26 0 32286 26 0.04366779327392578
decode: 30 0 41308 30 0.04972219467163086
decode: 31 0 44156 31 0.05503368377685547
extend: 0 1 0 3999 0.02436685562133789
decode: 4 0 12177 4 0.5045633316040039
decode: 4 0 12181 4 0.0159304141998291
decode: 12 0 14455 12 0.02263951301574707
decode: 20 0 20761 20 0.03296542167663574
decode: 22 0 25849 22 0.0338289737701416
decode: 25 0 33673 25 0.04207801818847656
decode: 3 0 8167 3 0.09701275825500488
decode: 6 0 16847 6 0.01922774314880371
decode: 8 0 22795 8 0.017417192459106445
decode: 9 0 25819 9 0.020911693572998047
decode: 13 0 33212 13 0.027058124542236328
decode: 16 0 37949 16 0.028836488723754883
decode: 20 0 45817 20 0.0330967903137207
decode: 23 0 52789 23 0.03612685203552246
decode: 23 0 52812 23 0.041573286056518555
decode: 2 0 6646 2 0.09700965881347656
decode: 5 0 17023 5 0.017325878143310547
decode: 6 0 20569 6 0.021995067596435547
decode: 7 0 24128 7 0.022205352783203125
decode: 9 0 31309 9 0.02169966697692871
decode: 10 0 34954 10 0.02591228485107422
decode: 16 0 43063 16 0.03005385398864746
decode: 27 0 49803 27 0.04004669189453125
decode: 33 0 57386 33 0.0425112247467041
decode: 35 0 60135 35 0.04242253303527832
decode: 2 0 2718 2 0.20443940162658691
decode: 2 0 2720 2 0.01546168327331543
decode: 6 0 6657 6 0.01630258560180664
decode: 10 0 12350 10 0.02666020393371582
decode: 13 0 17096 13 0.026579856872558594
decode: 16 0 23653 16 0.03297543525695801
decode: 19 0 31210 19 0.03745412826538086
decode: 21 0 36386 21 0.034357309341430664
decode: 24 0 44938 24 0.04118156433105469
decode: 2 0 6835 2 0.0879364013671875
decode: 4 0 14390 4 0.017136573791503906
decode: 5 0 18236 5 0.01605963706970215
decode: 6 0 22224 6 0.022072315216064453
decode: 7 0 26222 7 0.017069339752197266
decode: 9 0 34276 9 0.020052194595336914
decode: 10 0 38343 10 0.024890899658203125
decode: 20 0 44697 20 0.03589153289794922
decode: 30 0 51639 30 0.044936180114746094
decode: 35 0 57889 35 0.04407930374145508
decode: 35 0 57924 35 0.044393062591552734
decode: 1 0 1163 1 0.21064043045043945
decode: 4 0 5488 4 0.015265464782714844
decode: 7 0 10620 7 0.019163131713867188
decode: 9 0 14524 9 0.019612550735473633
decode: 12 0 21340 12 0.025744199752807617
decode: 14 0 26463 14 0.024744510650634766
decode: 16 0 31709 16 0.02691793441772461
decode: 19 0 40448 19 0.03429460525512695
decode: 21 0 46472 21 0.03488779067993164
decode: 23 0 52676 23 0.03911781311035156
decode: 3 0 9985 3 0.0756525993347168
decode: 4 0 13465 4 0.018201589584350586
decode: 6 0 20589 6 0.016263246536254883
decode: 7 0 24241 7 0.022562026977539062
decode: 9 0 31613 9 0.02247166633605957
decode: 15 0 37560 15 0.026734113693237305
decode: 26 0 43651 26 0.037000417709350586
decode: 32 0 50299 32 0.04740333557128906
decode: 35 0 55965 35 0.0419161319732666
decode: 35 0 56000 35 0.04105424880981445
decode: 35 0 56035 35 0.042356014251708984
decode: 1 0 65 1 0.01085972785949707
decode: 6 0 4395 6 0.01853036880493164
decode: 9 0 9733 9 0.02122330665588379
decode: 11 0 15240 11 0.025359153747558594
decode: 13 0 20950 13 0.02732372283935547
decode: 15 0 26797 15 0.03002309799194336
decode: 17 0 32773 17 0.0381927490234375
decode: 19 0 38874 19 0.03255343437194824
decode: 22 0 48436 22 0.04134225845336914
decode: 2 0 7011 2 0.07868146896362305
decode: 6 0 22052 6 0.030724287033081055
decode: 7 0 26049 7 0.02195572853088379
decode: 8 0 30119 8 0.020218372344970703
decode: 11 0 38555 11 0.02659773826599121
decode: 13 0 45050 13 0.026131391525268555
decode: 26 0 50494 26 0.0438539981842041
decode: 33 0 54842 33 0.05214047431945801
decode: 34 0 56219 34 0.0450897216796875
decode: 1 0 1357 1 0.012512445449829102
decode: 4 0 5497 4 0.017992496490478516
decode: 8 0 11595 8 0.02180624008178711
decode: 11 0 17133 11 0.022342681884765625
decode: 13 0 21327 13 0.02468585968017578
decode: 16 0 29061 16 0.029694557189941406
decode: 18 0 34429 18 0.03313565254211426
decode: 20 0 40212 20 0.031883955001831055
decode: 23 0 49225 23 0.03639674186706543
decode: 2 0 6181 2 0.0920560359954834
decode: 4 0 12465 4 0.02035236358642578
decode: 6 0 19147 6 0.017258167266845703
decode: 7 0 22638 7 0.020268678665161133
decode: 9 0 29690 9 0.01967310905456543
decode: 10 0 33279 10 0.023724079132080078
decode: 14 0 40882 14 0.025722265243530273
decode: 26 0 46449 26 0.04274177551269531
decode: 34 0 53949 34 0.04628920555114746
decode: 35 0 55135 35 0.0427243709564209
decode: 35 0 55170 35 0.04322481155395508
decode: 1 0 74 1 0.011321783065795898
decode: 4 0 3849 4 0.014829397201538086
decode: 7 0 8006 7 0.01679682731628418
decode: 10 0 14852 10 0.02349114418029785
decode: 12 0 20115 12 0.024015426635742188
decode: 14 0 25765 14 0.026642799377441406
decode: 16 0 31565 16 0.03101038932800293
decode: 20 0 43510 20 0.03838038444519043
decode: 22 0 50559 22 0.04164457321166992
decode: 2 0 7354 2 0.10437679290771484
decode: 5 0 18684 5 0.01641082763671875
decode: 6 0 22548 6 0.01990962028503418
decode: 7 0 26552 7 0.01729583740234375
decode: 9 0 34568 9 0.018895387649536133
decode: 11 0 40294 11 0.02228236198425293
decode: 16 0 46180 16 0.029636144638061523
decode: 27 0 52400 27 0.039420366287231445
decode: 33 0 60676 33 0.0458071231842041
decode: 34 0 61481 34 0.04200243949890137
decode: 34 0 61515 34 0.0407559871673584
decode: 1 0 378 1 0.010764360427856445
decode: 6 0 4512 6 0.0155487060546875
decode: 9 0 9050 9 0.02151179313659668
decode: 11 0 13246 11 0.02195262908935547
decode: 14 0 20985 14 0.02683877944946289
decode: 16 0 26774 16 0.029030799865722656
decode: 18 0 32763 18 0.03165578842163086
decode: 20 0 38883 20 0.036950111389160156
decode: 22 0 45419 22 0.03828120231628418
decode: 2 0 6954 2 0.07731223106384277
decode: 4 0 14015 4 0.01976299285888672
decode: 5 0 17589 5 0.016831159591674805
decode: 7 0 24833 7 0.01707935333251953
decode: 8 0 28499 8 0.019412755966186523
decode: 11 0 35364 11 0.023923873901367188
decode: 16 0 41699 16 0.02942800521850586
decode: 27 0 47963 27 0.040990352630615234
decode: 33 0 55470 33 0.04906725883483887
decode: 35 0 58453 35 0.043042898178100586
decode: 34 0 54828 34 0.0500030517578125
decode: 3 0 4140 3 0.13131928443908691
decode: 3 0 4143 3 0.015060663223266602
decode: 3 0 4146 3 0.020242691040039062
decode: 6 0 8323 6 0.018428564071655273
decode: 9 0 13137 9 0.02946758270263672
decode: 11 0 17667 11 0.023995161056518555
decode: 13 0 22896 13 0.02403426170349121
decode: 15 0 28329 15 0.03208303451538086
decode: 18 0 36933 18 0.03572988510131836
decode: 20 0 42930 20 0.03428387641906738
decode: 22 0 49056 22 0.0372004508972168
decode: 2 0 6267 2 0.07466769218444824
decode: 4 0 12745 4 0.021216630935668945
decode: 5 0 16136 5 0.017844438552856445
decode: 7 0 23750 7 0.01698160171508789
decode: 8 0 27625 8 0.020978212356567383
decode: 11 0 34254 11 0.022626161575317383
decode: 18 0 39596 18 0.03199338912963867
decode: 28 0 46289 28 0.0411529541015625
decode: 30 0 52861 30 0.04504752159118652
decode: 33 0 62074 33 0.049089670181274414
decode: 34 0 63476 34 0.04135751724243164
decode: 3 0 9397 3 0.2024528980255127
decode: 5 0 12158 5 0.014952421188354492
decode: 7 0 16362 7 0.017800092697143555
decode: 9 0 21557 9 0.020380020141601562
decode: 11 0 27355 11 0.025333404541015625
decode: 13 0 33349 13 0.025618314743041992
decode: 15 0 39470 15 0.02619767189025879
decode: 17 0 45287 17 0.028584718704223633
decode: 19 0 49964 19 0.03380417823791504
decode: 21 0 57062 21 0.033431053161621094
decode: 3 0 6991 3 0.10874629020690918
decode: 6 0 16931 6 0.01723623275756836
decode: 11 0 22819 11 0.022197246551513672
decode: 20 0 28751 20 0.03686332702636719
decode: 29 0 36028 29 0.04227495193481445
decode: 33 0 42795 33 0.04236125946044922
decode: 34 0 45130 34 0.04375863075256348
decode: 34 0 45164 34 0.04243350028991699
decode: 34 0 45198 34 0.04313230514526367
decode: 1 0 2305 1 0.17974114418029785
decode: 1 0 2306 1 0.018419504165649414
decode: 4 0 4750 4 0.016486644744873047
decode: 8 0 14451 8 0.018399953842163086
decode: 9 0 17170 9 0.021083593368530273
decode: 11 0 22888 11 0.023884296417236328
decode: 14 0 32122 14 0.029419660568237305
decode: 17 0 42543 17 0.02907276153564453
decode: 18 0 46136 18 0.030021190643310547
decode: 2 0 7245 2 0.07573366165161133
decode: 4 0 14872 4 0.017896175384521484
decode: 5 0 18751 5 0.017003297805786133
decode: 6 0 22768 6 0.018094539642333984
decode: 8 0 29691 8 0.01973724365234375
decode: 10 0 35533 10 0.021032333374023438
decode: 13 0 41092 13 0.02476811408996582
decode: 16 0 45303 16 0.028226375579833984
decode: 27 0 53417 27 0.03950619697570801
decode: 33 0 60816 33 0.04519939422607422
decode: 35 0 64127 35 0.042963266372680664
decode: 15 0 14630 15 0.14470887184143066
decode: 17 0 19303 17 0.029688119888305664
decode: 19 0 25320 19 0.0327916145324707
decode: 21 0 31458 21 0.036629676818847656
decode: 23 0 38022 23 0.038758039474487305
decode: 25 0 45060 25 0.03792119026184082
decode: 28 0 53432 28 0.03978681564331055
decode: 30 0 58662 30 0.043483734130859375
decode: 35 0 69190 35 0.04345345497131348
decode: 9 0 22895 9 0.15582513809204102
decode: 15 0 25735 15 0.03328752517700195
decode: 19 0 32129 19 0.035367727279663086
decode: 23 0 39959 23 0.03554844856262207
decode: 25 0 45752 25 0.038718223571777344
decode: 27 0 52399 27 0.04071331024169922
decode: 32 0 62158 32 0.042809486389160156
decode: 34 0 67266 34 0.04761815071105957
decode: 35 0 71050 35 0.04284501075744629
decode: 1 0 3751 1 0.17082881927490234
decode: 5 0 7463 5 0.0171661376953125
decode: 7 0 10297 7 0.018805980682373047
decode: 10 0 16792 10 0.024100780487060547
decode: 12 0 22401 12 0.02242588996887207
decode: 13 0 25416 13 0.02472853660583496
decode: 15 0 31529 15 0.03046393394470215
decode: 17 0 38097 17 0.03055405616760254
decode: 19 0 45137 19 0.030507802963256836
decode: 20 0 48942 20 0.03465461730957031
decode: 22 0 56705 22 0.03450751304626465
decode: 2 0 8038 2 0.08040976524353027
decode: 5 0 16743 5 0.020816802978515625
decode: 7 0 20046 7 0.020585060119628906
decode: 11 0 25799 11 0.02241659164428711
decode: 19 0 32121 19 0.033176422119140625
decode: 23 0 37089 23 0.03661704063415527
decode: 26 0 45254 26 0.03909444808959961
decode: 29 0 51674 29 0.041382551193237305
decode: 32 0 59908 32 0.04502058029174805
decode: 35 0 63361 35 0.04283475875854492
decode: 11 0 24822 11 0.14349961280822754
decode: 11 0 24833 11 0.02661299705505371
decode: 13 0 27692 13 0.023935794830322266
decode: 15 0 33542 15 0.03186798095703125
decode: 17 0 39802 17 0.0313107967376709
decode: 19 0 46380 19 0.032643795013427734
decode: 21 0 53392 21 0.03388643264770508
decode: 23 0 60517 23 0.039624691009521484
decode: 25 0 67943 25 0.03744363784790039
decode: 26 0 71828 26 0.03987622261047363
decode: 7 0 20950 7 0.116790771484375
decode: 11 0 31918 11 0.024240970611572266
decode: 18 0 37249 18 0.03208351135253906
decode: 24 0 43535 24 0.03767681121826172
decode: 30 0 51127 30 0.0436856746673584
decode: 34 0 56629 34 0.04088592529296875
decode: 34 0 56663 34 0.03899860382080078
decode: 34 0 56697 34 0.04145503044128418
decode: 34 0 56731 34 0.040407657623291016
decode: 7 0 20158 7 0.1658632755279541
decode: 7 0 20165 7 0.02335357666015625
decode: 9 0 23719 9 0.02295207977294922
decode: 10 0 25122 10 0.023547649383544922
decode: 12 0 30425 12 0.023784875869750977
decode: 14 0 36471 14 0.032537221908569336
decode: 16 0 42830 16 0.025487899780273438
decode: 17 0 46176 17 0.028963088989257812
decode: 19 0 53123 19 0.031356096267700195
decode: 21 0 60252 21 0.03710460662841797
decode: 5 0 17685 5 0.10609817504882812
decode: 10 0 27066 10 0.021236181259155273
decode: 14 0 33548 14 0.03239035606384277
decode: 19 0 39613 19 0.03046584129333496
decode: 23 0 46217 23 0.03753328323364258
decode: 29 0 50924 29 0.04208016395568848
decode: 34 0 57677 34 0.04137682914733887
decode: 34 0 57711 34 0.04140353202819824
decode: 34 0 57745 34 0.04203224182128906
decode: 34 0 57779 34 0.04028677940368652
decode: 13 0 35989 13 0.23017668724060059
decode: 19 0 41083 19 0.03291058540344238
decode: 21 0 46185 21 0.036667585372924805
decode: 23 0 52329 23 0.04025697708129883
decode: 25 0 58672 25 0.04006838798522949
decode: 27 0 65737 27 0.03923463821411133
decode: 29 0 73554 29 0.05289912223815918
decode: 32 0 83547 32 0.056099891662597656
decode: 6 0 17257 6 0.13120722770690918
decode: 6 0 17263 6 0.0181581974029541
decode: 12 0 19774 12 0.024080276489257812
decode: 17 0 20957 17 0.0310819149017334
decode: 21 0 26889 21 0.03429269790649414
decode: 25 0 34164 25 0.03885340690612793
decode: 27 0 40181 27 0.04172849655151367
decode: 30 0 46778 30 0.05042529106140137
decode: 34 0 53760 34 0.04082775115966797
decode: 34 0 53794 34 0.040926218032836914
decode: 15 0 33780 15 0.13793301582336426
decode: 15 0 33795 15 0.02968764305114746
decode: 17 0 36655 17 0.028441905975341797
decode: 19 0 41819 19 0.029488801956176758
decode: 21 0 47971 21 0.03464651107788086
decode: 23 0 54576 23 0.038277626037597656
decode: 25 0 61885 25 0.04083681106567383
decode: 27 0 69554 27 0.040938615798950195
decode: 27 0 73122 27 0.041296958923339844
decode: 29 0 81262 29 0.04303455352783203
decode: 6 0 21057 6 0.11175537109375
decode: 8 0 23926 8 0.02595067024230957
decode: 13 0 28207 13 0.02630138397216797
decode: 16 0 33268 16 0.029755830764770508
decode: 17 0 36325 17 0.028232336044311523
decode: 19 0 43490 19 0.03285622596740723
decode: 21 0 49818 21 0.03605318069458008
decode: 24 0 56627 24 0.035489559173583984
decode: 31 0 61789 31 0.04704451560974121
decode: 35 0 67123 35 0.046907663345336914
decode: 18 0 32560 18 0.1636946201324463
decode: 22 0 37337 22 0.03665447235107422
decode: 25 0 43502 25 0.03939700126647949
decode: 27 0 49672 27 0.04537677764892578
decode: 29 0 56293 29 0.04552030563354492
decode: 31 0 63838 31 0.049479007720947266
decode: 34 0 71155 34 0.046967267990112305
decode: 35 0 74850 35 0.04740762710571289
decode: 14 0 45552 14 0.1665792465209961
decode: 14 0 45566 14 0.03116154670715332
decode: 18 0 50503 18 0.03136420249938965
decode: 21 0 53342 21 0.03727221488952637
decode: 25 0 60119 25 0.04360628128051758
decode: 29 0 66798 29 0.041895389556884766
decode: 32 0 73712 32 0.05407094955444336
decode: 34 0 79639 34 0.04561972618103027
decode: 34 0 79673 34 0.04581046104431152
decode: 20 0 52754 20 0.16228508949279785
decode: 27 0 56791 27 0.04241752624511719
decode: 30 0 63319 30 0.04642939567565918
decode: 32 0 70764 32 0.04664802551269531
decode: 35 0 78091 35 0.0432887077331543
decode: 35 0 78126 35 0.04215502738952637
decode: 35 0 78161 35 0.04057645797729492
decode: 35 0 78196 35 0.044194936752319336
decode: 13 0 46583 13 0.15023517608642578
decode: 13 0 46596 13 0.027826547622680664
decode: 16 0 50717 16 0.02877974510192871
decode: 19 0 55483 19 0.030417442321777344
decode: 22 0 62676 22 0.03667807579040527
decode: 26 0 68984 26 0.03845620155334473
decode: 30 0 75573 30 0.04770207405090332
decode: 34 0 83408 34 0.04526996612548828
decode: 35 0 84211 35 0.0423886775970459
decode: 7 0 13771 7 0.13129043579101562
decode: 7 0 13778 7 0.01850748062133789
decode: 13 0 16440 13 0.02346491813659668
decode: 14 0 19072 14 0.025484800338745117
decode: 16 0 24949 16 0.029855728149414062
decode: 18 0 31075 18 0.03518199920654297
decode: 20 0 37408 20 0.030856847763061523
decode: 20 0 40811 20 0.031579017639160156
decode: 24 0 48569 24 0.03597259521484375
decode: 29 0 54868 29 0.04752159118652344
decode: 34 0 61253 34 0.04004335403442383
decode: 17 0 30766 17 0.1432209014892578
decode: 20 0 35149 20 0.03348946571350098
decode: 24 0 42070 24 0.04181981086730957
decode: 27 0 47956 27 0.03891730308532715
decode: 29 0 52366 29 0.04374384880065918
decode: 34 0 60999 34 0.04683232307434082
decode: 35 0 62026 35 0.04049229621887207
decode: 35 0 62061 35 0.03808403015136719
decode: 35 0 62096 35 0.038797616958618164
decode: 14 0 35742 14 0.09369611740112305
decode: 14 0 35756 14 0.028702735900878906
decode: 15 0 37915 15 0.024935245513916016
decode: 17 0 43549 17 0.031691789627075195
decode: 19 0 49629 19 0.02964496612548828
decode: 20 0 52858 20 0.038553476333618164
decode: 22 0 60078 22 0.03210878372192383
decode: 23 0 63454 23 0.03596854209899902
decode: 26 0 71462 26 0.037494659423828125
decode: 33 0 76988 33 0.04524397850036621
decode: 35 0 81932 35 0.041132211685180664
decode: 19 0 42347 19 0.12605714797973633
decode: 21 0 45776 21 0.03306221961975098
decode: 23 0 52272 23 0.035341739654541016
decode: 28 0 58085 28 0.04082775115966797
decode: 33 0 65079 33 0.044846534729003906
decode: 35 0 69540 35 0.04292941093444824
decode: 35 0 69575 35 0.041533708572387695
decode: 35 0 69610 35 0.0426030158996582
decode: 35 0 69645 35 0.039888620376586914
decode: 35 0 69680 35 0.04277348518371582
decode: 25 0 62424 25 0.21619153022766113
decode: 25 0 62449 25 0.04049515724182129
decode: 27 0 67444 27 0.0466465950012207
decode: 29 0 72974 29 0.043311357498168945
decode: 32 0 79226 32 0.04421663284301758
decode: 34 0 82625 34 0.040201425552368164
decode: 34 0 82659 34 0.03795766830444336
decode: 34 0 82693 34 0.038726091384887695
decode: 14 0 48252 14 0.10890674591064453
decode: 14 0 48266 14 0.030523061752319336
decode: 17 0 53152 17 0.027599096298217773
decode: 20 0 58698 20 0.03246617317199707
decode: 24 0 62225 24 0.04211068153381348
decode: 29 0 68353 29 0.04351186752319336
decode: 33 0 76404 33 0.04660534858703613
decode: 35 0 81794 35 0.0425875186920166
decode: 35 0 81829 35 0.04382038116455078
decode: 35 0 81864 35 0.041196584701538086
decode: 25 0 72160 25 0.19757938385009766
decode: 25 0 72185 25 0.038420677185058594
decode: 27 0 76236 27 0.04056286811828613
decode: 33 0 83853 33 0.04635143280029297
decode: 35 0 88719 35 0.04026436805725098
decode: 35 0 88754 35 0.0390629768371582
decode: 35 0 88789 35 0.03922605514526367
decode: 35 0 88824 35 0.04490208625793457
decode: 35 0 88859 35 0.03988766670227051
decode: 18 0 61818 18 0.21666955947875977
decode: 18 0 61836 18 0.030890941619873047
decode: 24 0 66485 24 0.03716015815734863
decode: 27 0 71347 27 0.03902316093444824
decode: 30 0 78364 30 0.04465770721435547
decode: 35 0 84014 35 0.03908705711364746
decode: 35 0 84049 35 0.04181981086730957
decode: 35 0 84084 35 0.03994607925415039
decode: 35 0 84119 35 0.03943634033203125
decode: 18 0 61581 18 0.15293335914611816
decode: 17 0 57984 17 0.03155112266540527
decode: 21 0 63163 21 0.038027048110961914
decode: 23 0 66870 23 0.04125237464904785
decode: 26 0 73311 26 0.03994178771972656
decode: 30 0 80081 30 0.03981280326843262
decode: 34 0 85448 34 0.04151582717895508
decode: 34 0 85482 34 0.03955197334289551
decode: 33 0 84616 33 0.037949562072753906
decode: 15 0 44446 15 0.15467453002929688
decode: 15 0 44461 15 0.02640557289123535
decode: 20 0 47608 20 0.03128528594970703
decode: 24 0 53563 24 0.03920555114746094
decode: 26 0 57675 26 0.03997063636779785
decode: 31 0 65205 31 0.04621410369873047
decode: 35 0 71517 35 0.04318881034851074
decode: 35 0 71552 35 0.04024386405944824
decode: 35 0 71587 35 0.03987526893615723
decode: 35 0 71622 35 0.0416560173034668
decode: 21 0 58868 21 0.1938614845275879
decode: 21 0 58889 21 0.03416562080383301
decode: 23 0 62215 23 0.044713497161865234
decode: 27 0 69297 27 0.03923797607421875
decode: 30 0 76125 30 0.04458260536193848
decode: 33 0 81984 33 0.05410885810852051
decode: 35 0 86966 35 0.04193711280822754
decode: 34 0 84822 34 0.04269051551818848
decode: 34 0 84856 34 0.038591861724853516
decode: 11 0 37601 11 0.08499407768249512
decode: 11 0 37612 11 0.023570537567138672
decode: 16 0 40857 16 0.029150962829589844
decode: 19 0 45466 19 0.02935624122619629
decode: 21 0 49506 21 0.03208804130554199
decode: 23 0 54782 23 0.03901362419128418
decode: 27 0 62196 27 0.04009819030761719
decode: 31 0 65962 31 0.04976201057434082
decode: 35 0 73381 35 0.04307150840759277
decode: 35 0 73416 35 0.04062175750732422
decode: 35 0 73451 35 0.04156231880187988
decode: 27 0 65590 27 0.1916651725769043
decode: 27 0 65617 27 0.040146589279174805
decode: 31 0 69884 31 0.04909706115722656
decode: 34 0 75721 34 0.04118704795837402
decode: 34 0 75755 34 0.0397646427154541
decode: 34 0 75789 34 0.04043889045715332
decode: 34 0 75823 34 0.04015517234802246
decode: 34 0 75857 34 0.040535926818847656
decode: 34 0 75891 34 0.0406036376953125
decode: 22 0 64605 22 0.13429832458496094
decode: 22 0 64627 22 0.03581666946411133
decode: 25 0 68278 25 0.03772091865539551
decode: 28 0 73461 28 0.038347482681274414
decode: 33 0 80696 33 0.04453873634338379
decode: 35 0 85093 35 0.039820194244384766
decode: 35 0 85128 35 0.04011845588684082
decode: 34 0 83858 34 0.03981828689575195
decode: 34 0 83892 34 0.04336214065551758
decode: 34 0 83926 34 0.0405271053314209
decode: 25 0 73640 25 0.14041495323181152
decode: 25 0 73665 25 0.03719353675842285
decode: 25 0 74064 25 0.036866188049316406
decode: 29 0 81339 29 0.039228200912475586
decode: 34 0 86746 34 0.03877997398376465
decode: 33 0 83791 33 0.04143047332763672
decode: 33 0 83824 33 0.03754377365112305
decode: 33 0 83857 33 0.03972458839416504
decode: 33 0 83890 33 0.03749394416809082
decode: 33 0 83923 33 0.039498090744018555
decode: 24 0 74817 24 0.05540299415588379
decode: 24 0 74841 24 0.036956787109375
decode: 29 0 79194 29 0.04161190986633301
decode: 32 0 84003 32 0.04606509208679199
decode: 35 0 88676 35 0.04257392883300781
decode: 35 0 88711 35 0.0418088436126709
decode: 35 0 88746 35 0.044707298278808594
decode: 35 0 88781 35 0.0456390380859375
decode: 35 0 88816 35 0.04132986068725586
decode: 35 0 88851 35 0.04024624824523926
decode: 35 0 88886 35 0.04154396057128906
decode: 27 0 82462 27 0.06645870208740234
decode: 27 0 82489 27 0.04083108901977539
decode: 33 0 87113 33 0.04720783233642578
decode: 35 0 89407 35 0.0436091423034668
decode: 35 0 89442 35 0.042574405670166016
decode: 35 0 89477 35 0.0393214225769043
decode: 35 0 89512 35 0.039578914642333984
decode: 34 0 86880 34 0.04083824157714844
decode: 34 0 86914 34 0.0391850471496582
decode: 34 0 86948 34 0.03970766067504883
decode: 34 0 86982 34 0.03841423988342285
decode: 22 0 73127 22 0.07308363914489746
decode: 22 0 73149 22 0.033803701400756836
decode: 25 0 77341 25 0.03690075874328613
decode: 29 0 81815 29 0.040625572204589844
decode: 34 0 88166 34 0.04395270347595215
decode: 35 0 89439 35 0.04385185241699219
decode: 34 0 85589 34 0.04083418846130371
decode: 34 0 85623 34 0.03929281234741211
decode: 34 0 85657 34 0.041376352310180664
decode: 34 0 85691 34 0.04413914680480957
decode: 34 0 85725 34 0.04023289680480957
decode: 25 0 77487 25 0.07744717597961426
decode: 25 0 77512 25 0.04036712646484375
decode: 27 0 81788 27 0.045279741287231445
decode: 33 0 87798 33 0.0575869083404541
decode: 35 0 92497 35 0.041234493255615234
decode: 35 0 92532 35 0.04031538963317871
decode: 35 0 92567 35 0.04135251045227051
decode: 35 0 92602 35 0.03999805450439453
decode: 35 0 92637 35 0.041046142578125
decode: 35 0 92672 35 0.0410768985748291
decode: 27 0 85630 27 0.09035301208496094
decode: 27 0 85657 27 0.03831839561462402
decode: 31 0 88535 31 0.04491996765136719
decode: 35 0 96043 35 0.04637789726257324
decode: 35 0 96078 35 0.04477739334106445
decode: 34 0 95339 34 0.04044508934020996
decode: 34 0 95373 34 0.04023885726928711
decode: 34 0 95407 34 0.03952765464782715
decode: 34 0 95441 34 0.04178786277770996
decode: 34 0 95475 34 0.04021334648132324
decode: 23 0 79137 23 0.05613875389099121
decode: 23 0 79160 23 0.03701949119567871
decode: 27 0 80274 27 0.04270601272583008
decode: 31 0 84975 31 0.043421268463134766
decode: 34 0 88181 34 0.04073596000671387
decode: 33 0 85454 33 0.03907942771911621
decode: 32 0 84580 32 0.03825974464416504
decode: 32 0 84612 32 0.03732109069824219
decode: 32 0 84644 32 0.03763914108276367
decode: 32 0 84676 32 0.04218578338623047
decode: 32 0 84708 32 0.03762388229370117
decode: 25 0 79145 25 0.06481385231018066
decode: 25 0 79170 25 0.037198543548583984
decode: 30 0 83607 30 0.04225611686706543
decode: 33 0 87837 33 0.047275543212890625
decode: 35 0 91126 35 0.04155731201171875
decode: 35 0 91161 35 0.047420501708984375
decode: 34 0 90935 34 0.0414426326751709
decode: 34 0 90969 34 0.04090571403503418
decode: 34 0 91003 34 0.040436506271362305
decode: 34 0 91037 34 0.03999805450439453
decode: 33 0 86810 33 0.040096282958984375
decode: 26 0 80946 26 0.0656728744506836
decode: 26 0 80972 26 0.03794574737548828
decode: 30 0 85153 30 0.04415440559387207
decode: 33 0 89921 33 0.04444742202758789
decode: 35 0 92884 35 0.04374957084655762
decode: 35 0 92919 35 0.04468417167663574
decode: 35 0 92954 35 0.04132246971130371
decode: 35 0 92989 35 0.04070138931274414
decode: 35 0 93024 35 0.04005694389343262
decode: 34 0 89839 34 0.039930105209350586
decode: 34 0 89873 34 0.04115629196166992
decode: 29 0 85400 29 0.08015584945678711
decode: 29 0 85429 29 0.04513120651245117
decode: 33 0 87573 33 0.044109344482421875
decode: 34 0 89354 34 0.04831433296203613
decode: 34 0 89388 34 0.040194034576416016
decode: 34 0 89422 34 0.040515899658203125
decode: 34 0 89456 34 0.04191994667053223
decode: 34 0 89490 34 0.03925800323486328
decode: 34 0 89524 34 0.04026031494140625
decode: 34 0 89558 34 0.03920388221740723
decode: 34 0 89592 34 0.04123258590698242
decode: 26 0 80976 26 0.05425715446472168
decode: 26 0 81002 26 0.03961896896362305
decode: 31 0 85169 31 0.04651355743408203
decode: 35 0 88532 35 0.04143357276916504
decode: 35 0 88567 35 0.04021739959716797
decode: 35 0 88602 35 0.04147791862487793
decode: 35 0 88637 35 0.040021419525146484
decode: 35 0 88672 35 0.04345083236694336
decode: 35 0 88707 35 0.04033184051513672
decode: 35 0 88742 35 0.050821781158447266
decode: 35 0 88777 35 0.04136943817138672
decode: 35 0 88812 35 0.040283203125
decode: 33 0 88166 33 0.052491188049316406
decode: 32 0 84065 32 0.041677236557006836
decode: 34 0 85267 34 0.04147171974182129
decode: 34 0 85301 34 0.040731191635131836
decode: 33 0 82005 33 0.039252519607543945
decode: 32 0 78853 32 0.039290666580200195
decode: 32 0 78885 32 0.038537025451660156
decode: 32 0 78917 32 0.03857994079589844
decode: 32 0 78949 32 0.03754734992980957
decode: 32 0 78981 32 0.04111170768737793
decode: 32 0 79013 32 0.03845953941345215
decode: 32 0 79045 32 0.03748202323913574
decode: 31 0 78676 31 0.0536348819732666
decode: 31 0 78707 31 0.050188541412353516
decode: 32 0 82412 32 0.04794907569885254
decode: 35 0 86864 35 0.04236769676208496
decode: 35 0 86899 35 0.040479183197021484
decode: 35 0 86934 35 0.03946185111999512
decode: 35 0 86969 35 0.0404813289642334
decode: 35 0 87004 35 0.04025530815124512
decode: 35 0 87039 35 0.042296648025512695
decode: 35 0 87074 35 0.04080343246459961
decode: 35 0 87109 35 0.04403209686279297
decode: 35 0 87144 35 0.04136943817138672
decode: 30 0 83594 30 0.09752726554870605
decode: 30 0 83624 30 0.056691646575927734
decode: 32 0 87733 32 0.04272794723510742
decode: 35 0 91627 35 0.042526960372924805
decode: 34 0 88346 34 0.0401003360748291
decode: 34 0 88380 34 0.0393829345703125
decode: 34 0 88414 34 0.04111289978027344
decode: 34 0 88448 34 0.04344296455383301
decode: 34 0 88482 34 0.040059566497802734
decode: 34 0 88516 34 0.03967142105102539
decode: 34 0 88550 34 0.04118466377258301
decode: 30 0 86211 30 0.04998207092285156
decode: 29 0 83015 29 0.04381203651428223
decode: 32 0 87126 32 0.04535269737243652
decode: 34 0 90134 34 0.04054880142211914
decode: 34 0 90168 34 0.0412745475769043
decode: 34 0 90202 34 0.040297746658325195
decode: 32 0 85545 32 0.03725695610046387
decode: 31 0 82622 31 0.03741455078125
decode: 31 0 82653 31 0.03711676597595215
decode: 31 0 82684 31 0.03785967826843262
decode: 30 0 78426 30 0.037161827087402344
decode: 30 0 78456 30 0.035948991775512695
decode: 30 0 78486 30 0.05503726005554199
decode: 34 0 83367 34 0.0513157844543457
decode: 35 0 84202 35 0.044396162033081055
decode: 35 0 84237 35 0.04253840446472168
decode: 34 0 82473 34 0.039674997329711914
decode: 34 0 82507 34 0.039771080017089844
decode: 33 0 79396 33 0.03852510452270508
decode: 31 0 74925 31 0.04015469551086426
decode: 31 0 74956 31 0.03864002227783203
decode: 31 0 74987 31 0.03959059715270996
decode: 31 0 75018 31 0.036725521087646484
decode: 30 0 71373 30 0.06506156921386719
decode: 30 0 71403 30 0.05555224418640137
decode: 34 0 75828 34 0.04447007179260254
decode: 35 0 76462 35 0.04149651527404785
decode: 35 0 76497 35 0.039345741271972656
decode: 35 0 76532 35 0.04190683364868164
decode: 33 0 72299 33 0.03722810745239258
decode: 32 0 68527 32 0.03819775581359863
decode: 32 0 68559 32 0.03765583038330078
decode: 32 0 68591 32 0.037574052810668945
decode: 32 0 68623 32 0.03846311569213867
decode: 32 0 68655 32 0.03800821304321289
decode: 32 0 68687 32 0.038918495178222656
decode: 32 0 68719 32 0.03780102729797363
decode: 32 0 68751 32 0.04890298843383789
decode: 35 0 71217 35 0.04141354560852051
decode: 35 0 71252 35 0.04063057899475098
decode: 35 0 71287 35 0.12520575523376465
decode: 35 0 71322 35 0.08305048942565918
decode: 35 0 71357 35 0.044762611389160156
decode: 35 0 71392 35 0.04372692108154297
decode: 35 0 71427 35 0.040486812591552734
decode: 35 0 71462 35 0.04065346717834473
decode: 35 0 71497 35 0.042174339294433594
decode: 34 0 67543 34 0.03919577598571777
decode: 33 0 65638 33 0.05045962333679199
decode: 35 0 69556 35 0.04127335548400879
decode: 35 0 69591 35 0.04499053955078125
decode: 34 0 68522 34 0.047358036041259766
decode: 34 0 68556 34 0.06173563003540039
decode: 34 0 68590 34 0.22083592414855957
decode: 34 0 68624 34 0.04573225975036621
decode: 34 0 68658 34 0.22350549697875977
decode: 34 0 68692 34 0.038805246353149414
decode: 34 0 68726 34 0.03864288330078125
decode: 33 0 65682 33 0.038614511489868164
decode: 33 0 65715 33 0.03731226921081543
decode: 33 0 65748 33 0.038062334060668945
decode: 33 0 65781 33 0.03696250915527344
decode: 33 0 65814 33 0.03864550590515137
decode: 33 0 65847 33 0.04014182090759277
decode: 33 0 65880 33 0.03820013999938965
decode: 33 0 65913 33 0.03888344764709473
decode: 33 0 65946 33 0.03850126266479492
decode: 33 0 65979 33 0.03908205032348633
decode: 33 0 66012 33 0.04578828811645508
decode: 33 0 66045 33 0.037895917892456055
decode: 33 0 66078 33 0.10953474044799805
decode: 33 0 66111 33 0.03859853744506836
decode: 33 0 66144 33 0.03942108154296875
decode: 33 0 66177 33 0.03849387168884277
decode: 32 0 65349 32 0.03940629959106445
decode: 32 0 65381 32 0.039585113525390625
decode: 32 0 65413 32 0.037698984146118164
decode: 32 0 65445 32 0.03961634635925293
decode: 32 0 65477 32 0.03904008865356445
decode: 32 0 65509 32 0.03912758827209473
decode: 32 0 65541 32 0.05490303039550781
decode: 32 0 65573 32 0.039871931076049805
decode: 32 0 65605 32 0.1581876277923584
decode: 32 0 65637 32 0.08316588401794434
decode: 32 0 65669 32 0.04401731491088867
decode: 32 0 65701 32 0.040387630462646484
decode: 32 0 65733 32 0.040741920471191406
decode: 32 0 65765 32 0.04400491714477539
decode: 32 0 65797 32 0.0375666618347168
decode: 32 0 65829 32 0.13896870613098145
decode: 32 0 65861 32 0.0424041748046875
decode: 32 0 65893 32 0.037477970123291016
decode: 32 0 65925 32 0.03830242156982422
decode: 32 0 65957 32 0.03773975372314453
decode: 32 0 65989 32 0.037740230560302734
decode: 32 0 66021 32 0.03910517692565918
decode: 32 0 66053 32 0.038680315017700195
decode: 32 0 66085 32 0.0390009880065918
decode: 32 0 66117 32 0.04205036163330078
decode: 32 0 66149 32 0.03796553611755371
decode: 32 0 66181 32 0.03962993621826172
decode: 32 0 66213 32 0.050345659255981445
decode: 32 0 66245 32 0.04279041290283203
decode: 32 0 66277 32 0.04259896278381348
decode: 32 0 66309 32 0.04961347579956055
decode: 32 0 66341 32 0.08744478225708008
decode: 32 0 66373 32 0.04269242286682129
decode: 32 0 66405 32 0.16908740997314453
decode: 32 0 66437 32 0.04007577896118164
decode: 32 0 66469 32 0.04717445373535156
decode: 30 0 61426 30 0.03645181655883789
decode: 30 0 61456 30 0.03745269775390625
decode: 30 0 61486 30 0.03650832176208496
decode: 30 0 61516 30 0.038629770278930664
decode: 30 0 61546 30 0.03771567344665527
decode: 30 0 61576 30 0.036980390548706055
decode: 29 0 59948 29 0.0368647575378418
decode: 29 0 59977 29 0.035643815994262695
decode: 29 0 60006 29 0.036554574966430664
decode: 29 0 60035 29 0.03798723220825195
decode: 29 0 60064 29 0.0342860221862793
decode: 29 0 60093 29 0.034035444259643555
decode: 29 0 60122 29 0.03537344932556152
decode: 29 0 60151 29 0.03467607498168945
decode: 29 0 60180 29 0.0426030158996582
decode: 29 0 60209 29 0.03815579414367676
decode: 29 0 60238 29 0.03418397903442383
decode: 29 0 60267 29 0.03557896614074707
decode: 29 0 60296 29 0.03775787353515625
decode: 29 0 60325 29 0.03559541702270508
decode: 28 0 58105 28 0.035208702087402344
decode: 28 0 58133 28 0.033461570739746094
decode: 28 0 58161 28 0.0328669548034668
decode: 28 0 58189 28 0.0346674919128418
decode: 28 0 58217 28 0.03648638725280762
decode: 28 0 58245 28 0.03512001037597656
decode: 27 0 54715 27 0.03384208679199219
decode: 27 0 54742 27 0.040828704833984375
decode: 27 0 54769 27 0.033449411392211914
decode: 27 0 54796 27 0.034806251525878906
decode: 27 0 54823 27 0.032607316970825195
decode: 27 0 54850 27 0.03362560272216797
decode: 27 0 54877 27 0.03448081016540527
decode: 27 0 54904 27 0.033493757247924805
decode: 27 0 54931 27 0.03309178352355957
decode: 27 0 54958 27 0.033937692642211914
decode: 26 0 53605 26 0.031839609146118164
decode: 26 0 53631 26 0.031800270080566406
decode: 26 0 53657 26 0.03317737579345703
decode: 25 0 50265 25 0.03152775764465332
decode: 25 0 50290 25 0.03166031837463379
decode: 25 0 50315 25 0.03218674659729004
decode: 25 0 50340 25 0.03095221519470215
decode: 25 0 50365 25 0.03189444541931152
decode: 25 0 50390 25 0.0420377254486084
decode: 25 0 50415 25 0.030855655670166016
decode: 25 0 50440 25 0.030683279037475586
decode: 25 0 50465 25 0.03164243698120117
decode: 25 0 50490 25 0.03124690055847168
decode: 25 0 50515 25 0.03007054328918457
decode: 25 0 50540 25 0.030686378479003906
decode: 25 0 50565 25 0.03448677062988281
decode: 25 0 50590 25 0.03384208679199219
decode: 25 0 50615 25 0.030170917510986328
decode: 25 0 50640 25 0.03369426727294922
decode: 25 0 50665 25 0.03186750411987305
decode: 25 0 50690 25 0.03270435333251953
decode: 25 0 50715 25 0.032266855239868164
decode: 25 0 50740 25 0.031287193298339844
decode: 24 0 49073 24 0.03114485740661621
decode: 24 0 49097 24 0.03367447853088379
decode: 24 0 49121 24 0.03736710548400879
decode: 24 0 49145 24 0.03392386436462402
decode: 23 0 44673 23 0.029962778091430664
decode: 23 0 44696 23 0.028834819793701172
decode: 23 0 44719 23 0.028875112533569336
decode: 23 0 44742 23 0.028180599212646484
decode: 23 0 44765 23 0.02979731559753418
decode: 23 0 44788 23 0.031081676483154297
decode: 23 0 44811 23 0.029221773147583008
decode: 23 0 44834 23 0.03014516830444336
decode: 23 0 44857 23 0.02947998046875
decode: 23 0 44880 23 0.029772520065307617
decode: 23 0 44903 23 0.03051924705505371
decode: 23 0 44926 23 0.029234647750854492
decode: 23 0 44949 23 0.029250621795654297
decode: 22 0 43970 22 0.028626203536987305
decode: 22 0 43992 22 0.02907848358154297
decode: 22 0 44014 22 0.027655363082885742
decode: 22 0 44036 22 0.03649187088012695
decode: 22 0 44058 22 0.029866695404052734
decode: 22 0 44080 22 0.02754664421081543
decode: 22 0 44102 22 0.027797698974609375
decode: 21 0 42288 21 0.029938220977783203
decode: 21 0 42309 21 0.028494596481323242
decode: 21 0 42330 21 0.027706146240234375
decode: 21 0 42351 21 0.0275571346282959
decode: 21 0 42372 21 0.028082609176635742
decode: 21 0 42393 21 0.02722764015197754
decode: 21 0 42414 21 0.026810407638549805
decode: 20 0 40862 20 0.029479265213012695
decode: 20 0 40882 20 0.027697324752807617
decode: 19 0 38897 19 0.025569915771484375
decode: 18 0 37414 18 0.024442195892333984
decode: 18 0 37432 18 0.02705526351928711
decode: 18 0 37450 18 0.02522754669189453
decode: 18 0 37468 18 0.024391889572143555
decode: 18 0 37486 18 0.024364471435546875
decode: 18 0 37504 18 0.024344921112060547
decode: 18 0 37522 18 0.03313899040222168
decode: 18 0 37540 18 0.02420330047607422
decode: 18 0 37558 18 0.023932456970214844
decode: 18 0 37576 18 0.0242922306060791
decode: 18 0 37594 18 0.025133609771728516
decode: 18 0 37612 18 0.02466583251953125
decode: 18 0 37630 18 0.02485942840576172
decode: 18 0 37648 18 0.024239778518676758
decode: 18 0 37666 18 0.0256805419921875
decode: 18 0 37684 18 0.024164676666259766
decode: 18 0 37702 18 0.024812936782836914
decode: 18 0 37720 18 0.024266481399536133
decode: 18 0 37738 18 0.02542424201965332
decode: 17 0 36277 17 0.02392101287841797
decode: 17 0 36294 17 0.023632287979125977
decode: 17 0 36311 17 0.024258852005004883
decode: 17 0 36328 17 0.025249958038330078
decode: 16 0 33637 16 0.025144577026367188
decode: 15 0 31340 15 0.022629737854003906
decode: 15 0 31355 15 0.023047447204589844
decode: 15 0 31370 15 0.02440500259399414
decode: 14 0 30557 14 0.022542715072631836
decode: 14 0 30571 14 0.030168533325195312
decode: 14 0 30585 14 0.0242002010345459
decode: 14 0 30599 14 0.021868228912353516
decode: 14 0 30613 14 0.022609472274780273
decode: 14 0 30627 14 0.02036738395690918
decode: 14 0 30641 14 0.02216029167175293
decode: 14 0 30655 14 0.020949125289916992
decode: 14 0 30669 14 0.020956754684448242
decode: 14 0 30683 14 0.024504899978637695
decode: 14 0 30697 14 0.020549297332763672
decode: 13 0 29896 13 0.019504070281982422
decode: 13 0 29909 13 0.07187342643737793
decode: 13 0 29922 13 0.026912927627563477
decode: 13 0 29935 13 0.05353593826293945
decode: 13 0 29948 13 0.020909547805786133
decode: 13 0 29961 13 0.028278589248657227
decode: 13 0 29974 13 0.020772457122802734
decode: 12 0 28296 12 0.026781082153320312
decode: 11 0 27390 11 0.01918792724609375
decode: 11 0 27401 11 0.018042325973510742
decode: 11 0 27412 11 0.01819896697998047
decode: 11 0 27423 11 0.018001794815063477
decode: 11 0 27434 11 0.018488645553588867
decode: 11 0 27445 11 0.019476652145385742
decode: 11 0 27456 11 0.13067626953125
decode: 11 0 27467 11 0.01926422119140625
decode: 11 0 27478 11 0.1413893699645996
decode: 10 0 25768 10 0.018169164657592773
decode: 10 0 25778 10 0.062122344970703125
decode: 10 0 25788 10 0.018869876861572266
decode: 10 0 25798 10 0.02330327033996582
decode: 9 0 21916 9 0.016447067260742188
decode: 9 0 21925 9 0.01629018783569336
decode: 9 0 21934 9 0.015893220901489258
decode: 9 0 21943 9 0.0165407657623291
decode: 9 0 21952 9 0.024003982543945312
decode: 9 0 21961 9 0.02009892463684082
decode: 9 0 21970 9 0.01735520362854004
decode: 9 0 21979 9 0.017422914505004883
decode: 9 0 21988 9 0.01616072654724121
decode: 9 0 21997 9 0.016061782836914062
decode: 9 0 22006 9 0.01703667640686035
decode: 8 0 18047 8 0.0160677433013916
decode: 8 0 18055 8 0.015088796615600586
decode: 8 0 18063 8 0.11858820915222168
decode: 8 0 18071 8 0.016162872314453125
decode: 7 0 13982 7 0.015641450881958008
decode: 7 0 13989 7 0.014264822006225586
decode: 7 0 13996 7 0.01620936393737793
decode: 7 0 14003 7 0.014794111251831055
decode: 7 0 14010 7 0.01582813262939453
decode: 7 0 14017 7 0.014446258544921875
decode: 6 0 10462 6 0.014443159103393555
decode: 6 0 10468 6 0.013364791870117188
decode: 6 0 10474 6 0.013423919677734375
decode: 6 0 10480 6 0.013401508331298828
decode: 6 0 10486 6 0.014318466186523438
decode: 6 0 10492 6 0.013664722442626953
decode: 6 0 10498 6 0.013495445251464844
decode: 6 0 10504 6 0.013285398483276367
decode: 6 0 10510 6 0.013514995574951172
decode: 6 0 10516 6 0.013307571411132812
decode: 6 0 10522 6 0.01339578628540039
decode: 6 0 10528 6 0.014961481094360352
decode: 5 0 8793 5 0.012821197509765625
decode: 4 0 5846 4 0.018873214721679688
decode: 4 0 5850 4 0.012350320816040039
decode: 4 0 5854 4 0.011915206909179688
decode: 3 0 4909 3 0.011132001876831055
decode: 3 0 4912 3 0.010712385177612305
decode: 3 0 4915 3 0.010846853256225586
decode: 3 0 4918 3 0.011719703674316406
decode: 3 0 4921 3 0.010677099227905273
decode: 3 0 4924 3 0.013242006301879883
decode: 2 0 4449 2 0.009952306747436523
decode: 2 0 4451 2 0.009969472885131836
decode: 2 0 4453 2 0.009641885757446289
decode: 2 0 4455 2 0.00983119010925293
decode: 2 0 4457 2 0.009874105453491211
decode: 2 0 4459 2 0.011476516723632812
decode: 2 0 4461 2 0.010050773620605469
decode: 1 0 2654 1 0.009495735168457031
decode: 1 0 2655 1 0.008697986602783203
decode: 1 0 2656 1 0.008675813674926758
decode: 1 0 2657 1 0.011542081832885742
decode: 1 0 2658 1 0.008706331253051758
decode: 1 0 2659 1 0.008623600006103516
decode: 1 0 2660 1 0.009097814559936523
decode: 1 0 2661 1 0.008745431900024414
decode: 1 0 2662 1 0.009383916854858398
decode: 1 0 2663 1 0.009163856506347656
decode: 1 0 2664 1 0.008609533309936523
decode: 1 0 2665 1 0.008945226669311523
decode: 1 0 2666 1 0.008692026138305664
decode: 1 0 2667 1 0.00864553451538086
decode: 1 0 2668 1 0.008753299713134766
decode: 1 0 2669 1 0.008415937423706055
decode: 1 0 2670 1 0.009867668151855469
decode: 1 0 2671 1 0.008629322052001953
decode: 1 0 2672 1 0.008531332015991211
decode: 1 0 2673 1 0.008854866027832031
decode: 1 0 2674 1 0.00905609130859375
decode: 1 0 2675 1 0.008515357971191406
decode: 1 0 2676 1 0.008787393569946289
decode: 1 0 2677 1 0.009035348892211914
decode: 1 0 2678 1 0.008568286895751953
decode: 1 0 2679 1 0.009357213973999023
