extend: 0 5 0 10065 0.28707432746887207
decode: 5 0 10070 5 0.30257749557495117
decode: 5 0 10075 5 0.08099651336669922
decode: 5 0 10080 5 0.053214311599731445
extend: 0 5 0 10489 0.25118517875671387
decode: 5 0 10494 5 0.09098219871520996
decode: 5 0 10499 5 0.07292866706848145
decode: 5 0 10504 5 0.08511924743652344
extend: 0 5 0 11680 0.28804540634155273
decode: 5 0 11685 5 0.0704047679901123
decode: 5 0 11690 5 0.060428619384765625
decode: 5 0 11695 5 0.07372069358825684
decode: 1 0 241 1 0.006913661956787109
decode: 1 0 242 1 0.04091978073120117
decode: 1 0 243 1 0.006592273712158203
decode: 3 0 5332 3 0.007951736450195312
decode: 4 0 9180 4 0.0065267086029052734
decode: 5 0 10095 5 0.006536245346069336
decode: 5 0 10100 5 0.0065310001373291016
decode: 5 0 10105 5 0.006532192230224609
decode: 5 0 10110 5 0.0065228939056396484
decode: 1 0 2769 1 0.007086515426635742
decode: 1 0 2770 1 0.007104158401489258
decode: 2 0 6494 2 0.007468700408935547
decode: 3 0 9397 3 0.0066106319427490234
decode: 5 0 10516 5 0.006548166275024414
decode: 5 0 10521 5 0.006536960601806641
decode: 5 0 10526 5 0.006539583206176758
decode: 5 0 10531 5 0.00653529167175293
decode: 5 0 10536 5 0.0065326690673828125
decode: 5 0 10541 5 0.006531476974487305
decode: 5 0 10546 5 0.006537675857543945
decode: 5 0 10551 5 0.006526947021484375
decode: 5 0 10556 5 0.006530046463012695
decode: 5 0 10561 5 0.006532192230224609
decode: 5 0 10566 5 0.006533622741699219
decode: 5 0 10571 5 0.00654149055480957
decode: 5 0 10576 5 0.006529808044433594
decode: 5 0 10581 5 0.006529092788696289
decode: 5 0 10586 5 0.006536245346069336
decode: 5 0 10591 5 0.006526947021484375
decode: 5 0 10596 5 0.0065343379974365234
decode: 5 0 10601 5 0.0065195560455322266
decode: 5 0 10606 5 0.0065343379974365234
decode: 5 0 10611 5 0.00654149055480957
decode: 5 0 10616 5 0.00653076171875
decode: 5 0 10621 5 0.006529569625854492
decode: 1 0 135 1 0.006617069244384766
decode: 1 0 136 1 0.0563657283782959
decode: 2 0 4187 2 0.007066488265991211
decode: 2 0 4189 2 0.007156848907470703
decode: 3 0 7836 3 0.0067522525787353516
decode: 5 0 11709 5 0.006552696228027344
decode: 5 0 11714 5 0.006548404693603516
decode: 5 0 11719 5 0.006546735763549805
decode: 5 0 11724 5 0.006545305252075195
decode: 5 0 11729 5 0.0065460205078125
decode: 5 0 11734 5 0.006541013717651367
decode: 5 0 11739 5 0.006527900695800781
decode: 5 0 11744 5 0.006539106369018555
decode: 5 0 11749 5 0.006542205810546875
decode: 5 0 11754 5 0.006533384323120117
decode: 5 0 11759 5 0.006533622741699219
decode: 5 0 11764 5 0.006541252136230469
decode: 5 0 11769 5 0.006532192230224609
decode: 5 0 11774 5 0.006530046463012695
decode: 5 0 11779 5 0.006535530090332031
decode: 5 0 11784 5 0.006540536880493164
decode: 5 0 11789 5 0.006531953811645508
decode: 5 0 11794 5 0.006536722183227539
decode: 5 0 11799 5 0.006546735763549805
decode: 5 0 11804 5 0.00653529167175293
decode: 5 0 11809 5 0.006542682647705078
decode: 5 0 11814 5 0.006538867950439453
decode: 5 0 11819 5 0.006539821624755859
decode: 1 0 250 1 0.006582498550415039
decode: 1 0 251 1 0.00792074203491211
decode: 2 0 4244 2 0.007133960723876953
decode: 3 0 5354 3 0.007108926773071289
decode: 4 0 9207 4 0.006516695022583008
decode: 5 0 10126 5 0.006528377532958984
decode: 5 0 10131 5 0.006521701812744141
decode: 5 0 10136 5 0.006525993347167969
decode: 5 0 10141 5 0.006521463394165039
decode: 5 0 10146 5 0.00651860237121582
decode: 5 0 10151 5 0.006513118743896484
decode: 5 0 10156 5 0.006513833999633789
decode: 5 0 10161 5 0.006518125534057617
decode: 5 0 10166 5 0.006528139114379883
decode: 5 0 10171 5 0.006525993347167969
decode: 5 0 10176 5 0.0065174102783203125
decode: 5 0 10181 5 0.006518363952636719
decode: 5 0 10186 5 0.006508588790893555
decode: 5 0 10191 5 0.006516933441162109
decode: 5 0 10196 5 0.0065152645111083984
decode: 5 0 10201 5 0.0065228939056396484
decode: 5 0 10206 5 0.0065250396728515625
decode: 5 0 10211 5 0.00652766227722168
decode: 5 0 10216 5 0.006513118743896484
decode: 5 0 10221 5 0.006525754928588867
decode: 5 0 10226 5 0.0065157413482666016
decode: 5 0 10231 5 0.006520271301269531
decode: 5 0 10236 5 0.0065212249755859375
decode: 5 0 10241 5 0.0065271854400634766
decode: 5 0 10246 5 0.006516933441162109
decode: 5 0 10251 5 0.006517887115478516
decode: 1 0 2795 1 0.007029056549072266
decode: 1 0 2796 1 0.007612943649291992
decode: 3 0 6707 3 0.0072476863861083984
decode: 3 0 6710 3 0.007140159606933594
decode: 4 0 10789 4 0.006520986557006836
decode: 5 0 13619 5 0.006537199020385742
decode: 5 0 13624 5 0.006541252136230469
decode: 5 0 13629 5 0.0065267086029052734
decode: 5 0 13634 5 0.0065419673919677734
decode: 5 0 13639 5 0.0065495967864990234
decode: 5 0 13644 5 0.006542205810546875
decode: 5 0 13649 5 0.006529569625854492
decode: 5 0 13654 5 0.006561279296875
decode: 5 0 13659 5 0.006539106369018555
decode: 5 0 13664 5 0.006547212600708008
decode: 5 0 13669 5 0.0065381526947021484
decode: 5 0 13674 5 0.006539583206176758
decode: 5 0 13679 5 0.006554841995239258
decode: 5 0 13684 5 0.006552934646606445
decode: 5 0 13689 5 0.006551504135131836
decode: 5 0 13694 5 0.00653839111328125
decode: 5 0 13699 5 0.006543159484863281
decode: 5 0 13704 5 0.006537437438964844
decode: 5 0 13709 5 0.006548166275024414
decode: 5 0 13714 5 0.006545066833496094
decode: 5 0 13719 5 0.006552457809448242
decode: 5 0 13724 5 0.00655055046081543
decode: 5 0 13729 5 0.0065343379974365234
decode: 5 0 13734 5 0.006546974182128906
decode: 5 0 13739 5 0.006568431854248047
decode: 1 0 1090 1 0.006825685501098633
decode: 1 0 1091 1 0.010631084442138672
decode: 2 0 4969 2 0.007075071334838867
decode: 2 0 4971 2 0.006796836853027344
decode: 5 0 10263 5 0.006548881530761719
decode: 5 0 10268 5 0.0065348148345947266
decode: 5 0 10273 5 0.006532907485961914
decode: 5 0 10278 5 0.0065310001373291016
decode: 5 0 10283 5 0.006524562835693359
decode: 5 0 10288 5 0.006524324417114258
decode: 5 0 10293 5 0.006720781326293945
decode: 5 0 10298 5 0.006590604782104492
decode: 5 0 10303 5 0.006596565246582031
decode: 5 0 10308 5 0.006571531295776367
decode: 5 0 10313 5 0.0065724849700927734
decode: 5 0 10318 5 0.0065424442291259766
decode: 5 0 10323 5 0.006545305252075195
decode: 5 0 10328 5 0.0065460205078125
decode: 5 0 10333 5 0.006539583206176758
decode: 5 0 10338 5 0.006545305252075195
decode: 5 0 10343 5 0.0065457820892333984
decode: 5 0 10348 5 0.006539583206176758
decode: 5 0 10353 5 0.006530284881591797
decode: 5 0 10358 5 0.006533622741699219
decode: 5 0 10363 5 0.006537199020385742
decode: 5 0 10368 5 0.006535768508911133
decode: 5 0 10373 5 0.006536245346069336
decode: 5 0 10378 5 0.00653839111328125
decode: 5 0 10383 5 0.0065648555755615234
decode: 5 0 10388 5 0.006529569625854492
decode: 1 0 2924 1 0.007063627243041992
decode: 2 0 3097 2 0.007760763168334961
decode: 4 0 7065 4 0.008089303970336914
decode: 4 0 7069 4 0.006524085998535156
decode: 5 0 11175 5 0.006541728973388672
decode: 5 0 11180 5 0.006570577621459961
decode: 5 0 11185 5 0.006601572036743164
decode: 5 0 11190 5 0.006600856781005859
decode: 5 0 11195 5 0.006615161895751953
decode: 5 0 11200 5 0.00653386116027832
decode: 5 0 11205 5 0.006525993347167969
decode: 5 0 11210 5 0.00659942626953125
decode: 5 0 11215 5 0.006556034088134766
decode: 5 0 11220 5 0.006543397903442383
decode: 5 0 11225 5 0.006540536880493164
decode: 5 0 11230 5 0.006537437438964844
decode: 5 0 11235 5 0.006539583206176758
decode: 5 0 11240 5 0.0065402984619140625
decode: 5 0 11245 5 0.006527423858642578
decode: 5 0 11250 5 0.0065343379974365234
decode: 5 0 11255 5 0.00653076171875
decode: 5 0 11260 5 0.0065343379974365234
decode: 5 0 11265 5 0.006534576416015625
decode: 5 0 11270 5 0.0065538883209228516
decode: 5 0 11275 5 0.0065538883209228516
decode: 5 0 11280 5 0.006541013717651367
decode: 5 0 11285 5 0.006611824035644531
decode: 5 0 11290 5 0.00658106803894043
decode: 5 0 11295 5 0.006571531295776367
decode: 1 0 3669 1 0.007036447525024414
decode: 1 0 3670 1 0.006976604461669922
decode: 2 0 6496 2 0.007259845733642578
decode: 3 0 9349 3 0.0067899227142333984
decode: 4 0 13257 4 0.007199525833129883
decode: 4 0 13261 4 0.006529092788696289
decode: 5 0 17312 5 0.006612539291381836
decode: 5 0 17317 5 0.006610870361328125
decode: 5 0 17322 5 0.006604671478271484
decode: 5 0 17327 5 0.006609201431274414
decode: 5 0 17332 5 0.006615638732910156
decode: 5 0 17337 5 0.0066072940826416016
decode: 5 0 17342 5 0.00661778450012207
decode: 5 0 17347 5 0.006610393524169922
decode: 5 0 17352 5 0.006605386734008789
decode: 5 0 17357 5 0.006613492965698242
decode: 5 0 17362 5 0.006605386734008789
decode: 5 0 17367 5 0.0066106319427490234
decode: 5 0 17372 5 0.0066106319427490234
decode: 5 0 17377 5 0.006596088409423828
decode: 5 0 17382 5 0.006585359573364258
decode: 5 0 17387 5 0.006598711013793945
decode: 5 0 17392 5 0.006610870361328125
decode: 5 0 17397 5 0.006608009338378906
decode: 5 0 17402 5 0.0066070556640625
decode: 5 0 17407 5 0.006612539291381836
decode: 5 0 17412 5 0.006607770919799805
decode: 5 0 17417 5 0.00660252571105957
decode: 5 0 17422 5 0.00660252571105957
decode: 1 0 1120 1 0.006824493408203125
decode: 2 0 1428 2 0.0069615840911865234
decode: 4 0 5450 4 0.0072133541107177734
decode: 4 0 5454 4 0.006501913070678711
decode: 5 0 9585 5 0.006534576416015625
decode: 5 0 9590 5 0.006529808044433594
decode: 5 0 9595 5 0.0065326690673828125
decode: 5 0 9600 5 0.006541252136230469
decode: 5 0 9605 5 0.00654149055480957
decode: 5 0 9610 5 0.0065441131591796875
decode: 5 0 9615 5 0.0065190792083740234
decode: 5 0 9620 5 0.006541252136230469
decode: 5 0 9625 5 0.00654911994934082
decode: 5 0 9630 5 0.006530046463012695
decode: 5 0 9635 5 0.006530284881591797
decode: 5 0 9640 5 0.006532907485961914
decode: 5 0 9645 5 0.00653839111328125
decode: 5 0 9650 5 0.00653386116027832
decode: 5 0 9655 5 0.006550312042236328
decode: 5 0 9660 5 0.006533384323120117
decode: 5 0 9665 5 0.0065462589263916016
decode: 5 0 9670 5 0.00652766227722168
decode: 5 0 9675 5 0.006525754928588867
decode: 5 0 9680 5 0.006531715393066406
decode: 5 0 9685 5 0.0065195560455322266
decode: 5 0 9690 5 0.006524801254272461
decode: 5 0 9695 5 0.006534576416015625
decode: 5 0 9700 5 0.006524562835693359
decode: 5 0 9705 5 0.006532430648803711
decode: 5 0 9710 5 0.006540775299072266
decode: 1 0 1136 1 0.006872415542602539
decode: 2 0 2078 2 0.0070421695709228516
decode: 3 0 4932 3 0.007115364074707031
decode: 4 0 7812 4 0.0068511962890625
decode: 5 0 11746 5 0.006536722183227539
decode: 5 0 11751 5 0.006539583206176758
decode: 5 0 11756 5 0.00653386116027832
decode: 5 0 11761 5 0.006531953811645508
decode: 5 0 11766 5 0.006533622741699219
decode: 5 0 11771 5 0.0065402984619140625
decode: 5 0 11776 5 0.006540536880493164
decode: 4 0 8896 4 0.006514072418212891
decode: 4 0 8900 4 0.0065097808837890625
decode: 4 0 8904 4 0.00652003288269043
decode: 4 0 8908 4 0.00651240348815918
decode: 4 0 8912 4 0.006511211395263672
decode: 4 0 8916 4 0.006467342376708984
decode: 4 0 8920 4 0.0065081119537353516
decode: 4 0 8924 4 0.006531476974487305
decode: 4 0 8928 4 0.006502628326416016
decode: 4 0 8932 4 0.006503105163574219
decode: 4 0 8936 4 0.006504058837890625
decode: 4 0 8940 4 0.006493806838989258
decode: 4 0 8944 4 0.006493091583251953
decode: 4 0 8948 4 0.00650334358215332
decode: 4 0 8952 4 0.006471395492553711
decode: 4 0 8956 4 0.006498098373413086
decode: 4 0 8960 4 0.006506443023681641
decode: 4 0 8964 4 0.00650477409362793
decode: 4 0 8968 4 0.006505489349365234
decode: 4 0 8972 4 0.0065059661865234375
decode: 1 0 4070 1 0.00701904296875
decode: 1 0 4071 1 0.007544755935668945
decode: 3 0 8148 3 0.007066965103149414
decode: 3 0 8151 3 0.006499052047729492
decode: 5 0 12643 5 0.006555318832397461
decode: 5 0 12648 5 0.0065631866455078125
decode: 5 0 12653 5 0.0065534114837646484
decode: 5 0 12658 5 0.006557464599609375
decode: 5 0 12663 5 0.00655364990234375
decode: 5 0 12668 5 0.0065424442291259766
decode: 5 0 12673 5 0.006597757339477539
decode: 5 0 12678 5 0.00654149055480957
decode: 5 0 12683 5 0.006540060043334961
decode: 5 0 12688 5 0.006554126739501953
decode: 5 0 12693 5 0.006549358367919922
decode: 5 0 12698 5 0.006551980972290039
decode: 5 0 12703 5 0.006549835205078125
decode: 5 0 12708 5 0.006552696228027344
decode: 5 0 12713 5 0.00655364990234375
decode: 5 0 12718 5 0.006552219390869141
decode: 5 0 12723 5 0.006548166275024414
decode: 5 0 12728 5 0.006547451019287109
decode: 5 0 12733 5 0.006549358367919922
decode: 5 0 12738 5 0.006560087203979492
decode: 5 0 12743 5 0.0065419673919677734
decode: 5 0 12748 5 0.006550788879394531
decode: 5 0 12753 5 0.006551265716552734
decode: 5 0 12758 5 0.006557464599609375
decode: 5 0 12763 5 0.006605863571166992
decode: 5 0 12768 5 0.006559133529663086
decode: 1 0 1014 1 0.006699800491333008
decode: 2 0 2165 2 0.007115840911865234
decode: 2 0 2167 2 0.00697779655456543
decode: 3 0 6126 3 0.006522178649902344
decode: 5 0 9210 5 0.006547689437866211
decode: 5 0 9215 5 0.006545305252075195
decode: 5 0 9220 5 0.0065953731536865234
decode: 5 0 9225 5 0.006517887115478516
decode: 5 0 9230 5 0.006585121154785156
decode: 5 0 9235 5 0.006563901901245117
decode: 5 0 9240 5 0.006546497344970703
decode: 5 0 9245 5 0.006574392318725586
decode: 5 0 9250 5 0.0065233707427978516
decode: 5 0 9255 5 0.0065119266510009766
decode: 5 0 9260 5 0.006521463394165039
decode: 5 0 9265 5 0.0065174102783203125
decode: 5 0 9270 5 0.006516933441162109
decode: 5 0 9275 5 0.006513833999633789
decode: 5 0 9280 5 0.006519794464111328
decode: 5 0 9285 5 0.006516218185424805
decode: 5 0 9290 5 0.006523847579956055
decode: 5 0 9295 5 0.006521463394165039
decode: 5 0 9300 5 0.00653386116027832
decode: 5 0 9305 5 0.006527423858642578
decode: 5 0 9310 5 0.006542682647705078
decode: 5 0 9315 5 0.006526947021484375
decode: 5 0 9320 5 0.006533384323120117
decode: 5 0 9325 5 0.0065424442291259766
decode: 5 0 9330 5 0.006523609161376953
decode: 5 0 9335 5 0.0065953731536865234
decode: 5 0 9340 5 0.006584882736206055
decode: 1 0 2953 1 0.0070154666900634766
decode: 1 0 2954 1 0.0075490474700927734
decode: 3 0 7496 3 0.007132768630981445
decode: 3 0 7499 3 0.006550312042236328
decode: 5 0 11634 5 0.0065364837646484375
decode: 5 0 11639 5 0.006543159484863281
decode: 5 0 11644 5 0.006537675857543945
decode: 5 0 11649 5 0.006536006927490234
decode: 5 0 11654 5 0.0066225528717041016
decode: 5 0 11659 5 0.00662541389465332
decode: 5 0 11664 5 0.006598234176635742
decode: 5 0 11669 5 0.006573200225830078
decode: 5 0 11674 5 0.0065765380859375
decode: 5 0 11679 5 0.006570339202880859
decode: 5 0 11684 5 0.0065767765045166016
decode: 5 0 11689 5 0.006582736968994141
decode: 5 0 11694 5 0.006581306457519531
decode: 5 0 11699 5 0.006574153900146484
decode: 5 0 11704 5 0.006556272506713867
decode: 5 0 11709 5 0.006572723388671875
decode: 5 0 11714 5 0.006590604782104492
decode: 5 0 11719 5 0.006570339202880859
decode: 5 0 11724 5 0.006554603576660156
decode: 5 0 11729 5 0.006582498550415039
decode: 5 0 11734 5 0.006606101989746094
decode: 5 0 11739 5 0.006588935852050781
decode: 5 0 11744 5 0.006585597991943359
decode: 5 0 11749 5 0.006572246551513672
decode: 5 0 11754 5 0.006582975387573242
decode: 5 0 11759 5 0.0065784454345703125
decode: 1 0 3698 1 0.007119178771972656
decode: 1 0 3699 1 0.007047891616821289
decode: 2 0 7800 2 0.0073244571685791016
decode: 3 0 10710 3 0.007325172424316406
decode: 3 0 10713 3 0.0070269107818603516
decode: 5 0 15881 5 0.006620168685913086
decode: 5 0 15886 5 0.006620883941650391
decode: 5 0 15891 5 0.006597995758056641
decode: 5 0 15896 5 0.006600141525268555
decode: 5 0 15901 5 0.006601095199584961
decode: 5 0 15906 5 0.00659942626953125
decode: 5 0 15911 5 0.006594181060791016
decode: 5 0 15916 5 0.006592512130737305
decode: 5 0 15921 5 0.0065991878509521484
decode: 5 0 15926 5 0.006592512130737305
decode: 5 0 15931 5 0.006571054458618164
decode: 5 0 15936 5 0.006602287292480469
decode: 5 0 15941 5 0.006593465805053711
decode: 5 0 15946 5 0.006583213806152344
decode: 5 0 15951 5 0.006620168685913086
decode: 5 0 15956 5 0.006590366363525391
decode: 5 0 15961 5 0.006593942642211914
decode: 5 0 15966 5 0.006603717803955078
decode: 5 0 15971 5 0.0066051483154296875
decode: 5 0 15976 5 0.006604671478271484
decode: 5 0 15981 5 0.006589412689208984
decode: 5 0 15986 5 0.0066111087799072266
decode: 5 0 15991 5 0.006584644317626953
decode: 5 0 15996 5 0.00661158561706543
decode: 1 0 3884 1 0.007070302963256836
decode: 2 0 4185 2 0.011695623397827148
decode: 2 0 4187 2 0.0064389705657958984
decode: 5 0 9757 5 0.006528615951538086
decode: 5 0 9762 5 0.006534576416015625
decode: 5 0 9767 5 0.0065267086029052734
decode: 5 0 9772 5 0.0065441131591796875
decode: 5 0 9777 5 0.006526470184326172
decode: 5 0 9782 5 0.006521463394165039
decode: 5 0 9787 5 0.006532907485961914
decode: 5 0 9792 5 0.0065233707427978516
decode: 5 0 9797 5 0.006546497344970703
decode: 5 0 9802 5 0.006531476974487305
decode: 5 0 9807 5 0.006524324417114258
decode: 5 0 9812 5 0.006529331207275391
decode: 5 0 9817 5 0.0065305233001708984
decode: 5 0 9822 5 0.006525278091430664
decode: 5 0 9827 5 0.006527900695800781
decode: 5 0 9832 5 0.006525516510009766
decode: 5 0 9837 5 0.006534099578857422
decode: 5 0 9842 5 0.006526470184326172
decode: 5 0 9847 5 0.00653386116027832
decode: 5 0 9852 5 0.006528377532958984
decode: 5 0 9857 5 0.00654149055480957
decode: 5 0 9862 5 0.00652313232421875
decode: 5 0 9867 5 0.0065457820892333984
decode: 5 0 9872 5 0.0065386295318603516
decode: 5 0 9877 5 0.0065310001373291016
decode: 5 0 9882 5 0.006582498550415039
decode: 5 0 9887 5 0.006602764129638672
decode: 1 0 4127 1 0.0067882537841796875
decode: 1 0 4128 1 0.0070035457611083984
decode: 2 0 7063 2 0.0071752071380615234
decode: 2 0 7065 2 0.007197141647338867
decode: 4 0 12280 4 0.006487369537353516
decode: 5 0 13451 5 0.006536245346069336
decode: 5 0 13456 5 0.00654911994934082
decode: 5 0 13461 5 0.006548881530761719
decode: 5 0 13466 5 0.006544589996337891
decode: 5 0 13471 5 0.00654292106628418
decode: 5 0 13476 5 0.006542682647705078
decode: 5 0 13481 5 0.006544351577758789
decode: 5 0 13486 5 0.006531238555908203
decode: 5 0 13491 5 0.006549358367919922
decode: 5 0 13496 5 0.00654911994934082
decode: 5 0 13501 5 0.0065441131591796875
decode: 5 0 13506 5 0.006536722183227539
decode: 5 0 13511 5 0.00653386116027832
decode: 5 0 13516 5 0.0065348148345947266
decode: 5 0 13521 5 0.0065364837646484375
decode: 5 0 13526 5 0.00653076171875
decode: 5 0 13531 5 0.006545066833496094
decode: 5 0 13536 5 0.006537199020385742
decode: 5 0 13541 5 0.0065460205078125
decode: 5 0 13546 5 0.006541252136230469
decode: 5 0 13551 5 0.006533622741699219
decode: 5 0 13556 5 0.006536245346069336
decode: 5 0 13561 5 0.006543397903442383
decode: 5 0 13566 5 0.00654149055480957
decode: 5 0 13571 5 0.006537914276123047
decode: 1 0 4234 1 0.0070133209228515625
decode: 3 0 4981 3 0.006700277328491211
decode: 5 0 9125 5 0.0065310001373291016
decode: 5 0 9130 5 0.006532192230224609
decode: 5 0 9135 5 0.00652766227722168
decode: 5 0 9140 5 0.0065310001373291016
decode: 5 0 9145 5 0.006521940231323242
decode: 5 0 9150 5 0.006517171859741211
decode: 5 0 9155 5 0.006515026092529297
decode: 5 0 9160 5 0.0065212249755859375
decode: 5 0 9165 5 0.0065212249755859375
decode: 5 0 9170 5 0.006516933441162109
decode: 5 0 9175 5 0.00651097297668457
decode: 5 0 9180 5 0.006527423858642578
decode: 5 0 9185 5 0.006521701812744141
decode: 5 0 9190 5 0.006509065628051758
decode: 5 0 9195 5 0.006517648696899414
decode: 5 0 9200 5 0.006521463394165039
decode: 4 0 8859 4 0.0065267086029052734
decode: 4 0 8863 4 0.0064945220947265625
decode: 4 0 8867 4 0.00647735595703125
decode: 4 0 8871 4 0.006509065628051758
decode: 4 0 8875 4 0.006502628326416016
decode: 4 0 8879 4 0.0065538883209228516
decode: 4 0 8883 4 0.006518125534057617
decode: 4 0 8887 4 0.006510257720947266
decode: 4 0 8891 4 0.006517171859741211
decode: 4 0 8895 4 0.006514549255371094
decode: 4 0 8899 4 0.0064849853515625
decode: 4 0 8903 4 0.006518840789794922
decode: 4 0 8907 4 0.0065081119537353516
decode: 1 0 2962 1 0.006985902786254883
decode: 1 0 2963 1 0.006983280181884766
decode: 2 0 6999 2 0.007215738296508789
decode: 4 0 9276 4 0.007184267044067383
decode: 4 0 9280 4 0.0065233707427978516
decode: 5 0 13441 5 0.0065593719482421875
decode: 5 0 13446 5 0.0065593719482421875
decode: 5 0 13451 5 0.0065457820892333984
decode: 5 0 13456 5 0.006557941436767578
decode: 5 0 13461 5 0.006554841995239258
decode: 5 0 13466 5 0.006559133529663086
decode: 5 0 13471 5 0.006554365158081055
decode: 5 0 13476 5 0.006553173065185547
decode: 5 0 13481 5 0.00654911994934082
decode: 5 0 13486 5 0.0065534114837646484
decode: 5 0 13491 5 0.006557464599609375
decode: 5 0 13496 5 0.00655364990234375
decode: 5 0 13501 5 0.006548404693603516
decode: 5 0 13506 5 0.006549835205078125
decode: 5 0 13511 5 0.006556510925292969
decode: 5 0 13516 5 0.006556510925292969
decode: 5 0 13521 5 0.006543636322021484
decode: 5 0 13526 5 0.0065424442291259766
decode: 5 0 13531 5 0.006568193435668945
decode: 5 0 13536 5 0.006562709808349609
decode: 5 0 13541 5 0.006557464599609375
decode: 5 0 13546 5 0.006551027297973633
decode: 5 0 13551 5 0.00655674934387207
decode: 5 0 13556 5 0.006551980972290039
decode: 5 0 13561 5 0.006551504135131836
decode: 5 0 13566 5 0.006555080413818359
decode: 5 0 13571 5 0.006556272506713867
decode: 1 0 2983 1 0.007082939147949219
decode: 1 0 2984 1 0.007157325744628906
decode: 3 0 7375 3 0.007241964340209961
decode: 3 0 7378 3 0.0072057247161865234
decode: 4 0 11646 4 0.007105112075805664
decode: 5 0 15377 5 0.0065729618072509766
decode: 5 0 15382 5 0.00655055046081543
decode: 5 0 15387 5 0.0065670013427734375
decode: 5 0 15392 5 0.006567478179931641
decode: 5 0 15397 5 0.006591320037841797
decode: 5 0 15402 5 0.006579160690307617
decode: 5 0 15407 5 0.006554841995239258
decode: 5 0 15412 5 0.006564140319824219
decode: 5 0 15417 5 0.006561279296875
decode: 5 0 15422 5 0.006559610366821289
decode: 5 0 15427 5 0.0065670013427734375
decode: 5 0 15432 5 0.006571292877197266
decode: 5 0 15437 5 0.0065670013427734375
decode: 5 0 15442 5 0.006556272506713867
decode: 5 0 15447 5 0.0065534114837646484
decode: 5 0 15452 5 0.0065593719482421875
decode: 5 0 15457 5 0.006552219390869141
decode: 5 0 15462 5 0.006571531295776367
decode: 5 0 15467 5 0.006567716598510742
decode: 5 0 15472 5 0.006556510925292969
decode: 5 0 15477 5 0.006560802459716797
decode: 5 0 15482 5 0.006558418273925781
decode: 5 0 15487 5 0.006558895111083984
decode: 5 0 15492 5 0.006552219390869141
decode: 5 0 15497 5 0.006553173065185547
decode: 5 0 15502 5 0.006570339202880859
decode: 1 0 4184 1 0.007143259048461914
decode: 2 0 5444 2 0.007292985916137695
decode: 2 0 5446 2 0.007218837738037109
decode: 3 0 9513 3 0.006762266159057617
decode: 5 0 13702 5 0.006560802459716797
decode: 5 0 13707 5 0.006554126739501953
decode: 5 0 13712 5 0.006556987762451172
decode: 5 0 13717 5 0.006558656692504883
decode: 5 0 13722 5 0.006561994552612305
decode: 5 0 13727 5 0.006558895111083984
decode: 5 0 13732 5 0.006552457809448242
decode: 5 0 13737 5 0.0065610408782958984
decode: 5 0 13742 5 0.006552934646606445
decode: 5 0 13747 5 0.0065462589263916016
decode: 5 0 13752 5 0.006560564041137695
decode: 5 0 13757 5 0.0065631866455078125
decode: 5 0 13762 5 0.0065691471099853516
decode: 5 0 13767 5 0.0065555572509765625
decode: 5 0 13772 5 0.006548643112182617
decode: 5 0 13777 5 0.0065593719482421875
decode: 5 0 13782 5 0.0065495967864990234
decode: 5 0 13787 5 0.006556272506713867
decode: 5 0 13792 5 0.006558895111083984
decode: 5 0 13797 5 0.006545543670654297
decode: 5 0 13802 5 0.006552219390869141
decode: 5 0 13807 5 0.006554365158081055
decode: 5 0 13812 5 0.006551265716552734
decode: 5 0 13817 5 0.006548166275024414
decode: 5 0 13822 5 0.00655055046081543
decode: 5 0 13827 5 0.0065538883209228516
decode: 5 0 13832 5 0.0065534114837646484
decode: 1 0 4292 1 0.0071887969970703125
decode: 1 0 4293 1 0.007056474685668945
decode: 3 0 8742 3 0.006535530090332031
decode: 5 0 9999 5 0.006532907485961914
decode: 5 0 10004 5 0.0065381526947021484
decode: 5 0 10009 5 0.0065326690673828125
decode: 5 0 10014 5 0.006536960601806641
decode: 5 0 10019 5 0.006531476974487305
decode: 5 0 10024 5 0.0065343379974365234
decode: 5 0 10029 5 0.006536960601806641
decode: 5 0 10034 5 0.006535530090332031
decode: 5 0 10039 5 0.006535053253173828
decode: 5 0 10044 5 0.0065479278564453125
decode: 5 0 10049 5 0.006539344787597656
decode: 5 0 10054 5 0.006531476974487305
decode: 5 0 10059 5 0.0065441131591796875
decode: 5 0 10064 5 0.006543159484863281
decode: 5 0 10069 5 0.0065419673919677734
decode: 5 0 10074 5 0.006540536880493164
decode: 5 0 10079 5 0.0065310001373291016
decode: 5 0 10084 5 0.006536245346069336
decode: 5 0 10089 5 0.006532907485961914
decode: 5 0 10094 5 0.006633281707763672
decode: 5 0 10099 5 0.006605863571166992
decode: 5 0 10104 5 0.006595134735107422
decode: 5 0 10109 5 0.006529331207275391
decode: 5 0 10114 5 0.006527423858642578
decode: 5 0 10119 5 0.006522417068481445
decode: 5 0 10124 5 0.006517887115478516
decode: 5 0 10129 5 0.006520748138427734
decode: 1 0 3021 1 0.007031917572021484
decode: 1 0 3022 1 0.006780385971069336
decode: 2 0 7116 2 0.0071637630462646484
decode: 3 0 8407 3 0.007187843322753906
decode: 4 0 12625 4 0.006491661071777344
decode: 5 0 13703 5 0.006546497344970703
decode: 5 0 13708 5 0.00655055046081543
decode: 5 0 13713 5 0.00654292106628418
decode: 5 0 13718 5 0.006529808044433594
decode: 5 0 13723 5 0.0065460205078125
decode: 5 0 13728 5 0.006537914276123047
decode: 5 0 13733 5 0.0065424442291259766
decode: 5 0 13738 5 0.006545066833496094
decode: 5 0 13743 5 0.006535053253173828
decode: 5 0 13748 5 0.006536722183227539
decode: 5 0 13753 5 0.0065343379974365234
decode: 5 0 13758 5 0.006548881530761719
decode: 5 0 13763 5 0.006545305252075195
decode: 5 0 13768 5 0.006540775299072266
decode: 5 0 13773 5 0.006546497344970703
decode: 5 0 13778 5 0.006542682647705078
decode: 5 0 13783 5 0.006537914276123047
decode: 5 0 13788 5 0.006542682647705078
decode: 5 0 13793 5 0.006551265716552734
decode: 5 0 13798 5 0.006545066833496094
decode: 5 0 13803 5 0.006539344787597656
decode: 4 0 9691 4 0.006485700607299805
decode: 4 0 9695 4 0.006499528884887695
decode: 4 0 9699 4 0.006497621536254883
decode: 4 0 9703 4 0.006498098373413086
decode: 4 0 9707 4 0.006504058837890625
decode: 1 0 4000 1 0.006973743438720703
decode: 2 0 4505 2 0.007423877716064453
decode: 2 0 4507 2 0.007120847702026367
decode: 3 0 8831 3 0.007154226303100586
decode: 4 0 12587 4 0.006605863571166992
decode: 5 0 15605 5 0.006572246551513672
decode: 5 0 15610 5 0.006567478179931641
decode: 5 0 15615 5 0.006569623947143555
decode: 5 0 15620 5 0.006562471389770508
decode: 5 0 15625 5 0.00656890869140625
decode: 5 0 15630 5 0.006575107574462891
decode: 5 0 15635 5 0.006566762924194336
decode: 5 0 15640 5 0.00657200813293457
decode: 5 0 15645 5 0.006570100784301758
decode: 5 0 15650 5 0.006573915481567383
decode: 5 0 15655 5 0.0065762996673583984
decode: 5 0 15660 5 0.006571292877197266
decode: 5 0 15665 5 0.006566286087036133
decode: 5 0 15670 5 0.00656580924987793
decode: 5 0 15675 5 0.00656437873840332
decode: 5 0 15680 5 0.006572723388671875
decode: 5 0 15685 5 0.006564140319824219
decode: 5 0 15690 5 0.006609439849853516
decode: 5 0 15695 5 0.006571769714355469
decode: 5 0 15700 5 0.006569385528564453
decode: 5 0 15705 5 0.0065653324127197266
decode: 5 0 15710 5 0.0065670013427734375
decode: 5 0 15715 5 0.006566286087036133
decode: 5 0 15720 5 0.006570577621459961
decode: 5 0 15725 5 0.006566047668457031
decode: 5 0 15730 5 0.006581783294677734
decode: 1 0 4242 1 0.007095813751220703
decode: 2 0 5560 2 0.007210969924926758
decode: 3 0 8614 3 0.006539344787597656
decode: 5 0 10861 5 0.006544828414916992
decode: 5 0 10866 5 0.006532430648803711
decode: 5 0 10871 5 0.006528139114379883
decode: 5 0 10876 5 0.0065305233001708984
decode: 5 0 10881 5 0.006533384323120117
decode: 5 0 10886 5 0.0065364837646484375
decode: 5 0 10891 5 0.00653529167175293
decode: 5 0 10896 5 0.0065267086029052734
decode: 5 0 10901 5 0.006531715393066406
decode: 5 0 10906 5 0.006524085998535156
decode: 5 0 10911 5 0.006529569625854492
decode: 5 0 10916 5 0.006532430648803711
decode: 5 0 10921 5 0.006546497344970703
decode: 5 0 10926 5 0.00654149055480957
decode: 5 0 10931 5 0.0065402984619140625
decode: 5 0 10936 5 0.00654292106628418
decode: 5 0 10941 5 0.006533622741699219
decode: 5 0 10946 5 0.006534576416015625
decode: 4 0 6688 4 0.006510019302368164
decode: 4 0 6692 4 0.006512641906738281
decode: 4 0 6696 4 0.006513357162475586
decode: 4 0 6700 4 0.006509304046630859
decode: 4 0 6704 4 0.006505489349365234
decode: 4 0 6708 4 0.0065038204193115234
decode: 4 0 6712 4 0.0065004825592041016
decode: 4 0 6716 4 0.006518125534057617
decode: 4 0 6720 4 0.00648045539855957
decode: 4 0 6724 4 0.006499528884887695
decode: 4 0 6728 4 0.006479978561401367
decode: 2 0 4430 2 0.007209300994873047
decode: 2 0 4432 2 0.007058382034301758
decode: 2 0 4434 2 0.0071010589599609375
decode: 4 0 9320 4 0.0070438385009765625
decode: 4 0 9324 4 0.0065233707427978516
decode: 5 0 13359 5 0.006568193435668945
decode: 5 0 13364 5 0.006566762924194336
decode: 5 0 13369 5 0.0065500736236572266
decode: 5 0 13374 5 0.006552934646606445
decode: 5 0 13379 5 0.006554841995239258
decode: 5 0 13384 5 0.006557464599609375
decode: 5 0 13389 5 0.006563425064086914
decode: 5 0 13394 5 0.006565570831298828
decode: 5 0 13399 5 0.006566286087036133
decode: 5 0 13404 5 0.006559133529663086
decode: 5 0 13409 5 0.0065555572509765625
decode: 5 0 13414 5 0.006551980972290039
decode: 5 0 13419 5 0.006550312042236328
decode: 5 0 13424 5 0.006551504135131836
decode: 5 0 13429 5 0.006560325622558594
decode: 5 0 13434 5 0.006571054458618164
decode: 5 0 13439 5 0.00656580924987793
decode: 5 0 13444 5 0.006569862365722656
decode: 5 0 13449 5 0.0065729618072509766
decode: 5 0 13454 5 0.0065460205078125
decode: 5 0 13459 5 0.006554603576660156
decode: 5 0 13464 5 0.006575345993041992
decode: 5 0 13469 5 0.006556034088134766
decode: 5 0 13474 5 0.006556510925292969
decode: 5 0 13479 5 0.006554841995239258
decode: 5 0 13484 5 0.0065517425537109375
decode: 5 0 13489 5 0.006554603576660156
decode: 5 0 13494 5 0.0065495967864990234
decode: 5 0 13499 5 0.006562471389770508
decode: 5 0 13504 5 0.006556510925292969
decode: 3 0 9009 3 0.007184743881225586
decode: 4 0 9295 4 0.006523847579956055
decode: 5 0 10399 5 0.0065381526947021484
decode: 5 0 10404 5 0.006533622741699219
decode: 5 0 10409 5 0.006541252136230469
decode: 5 0 10414 5 0.006536245346069336
decode: 5 0 10419 5 0.0065462589263916016
decode: 5 0 10424 5 0.00654292106628418
decode: 5 0 10429 5 0.006531715393066406
decode: 5 0 10434 5 0.0065326690673828125
decode: 5 0 10439 5 0.00653386116027832
decode: 5 0 10444 5 0.006541728973388672
decode: 5 0 10449 5 0.0065381526947021484
decode: 5 0 10454 5 0.00654149055480957
decode: 5 0 10459 5 0.006538867950439453
decode: 5 0 10464 5 0.006538867950439453
decode: 5 0 10469 5 0.00653839111328125
decode: 5 0 10474 5 0.006533384323120117
decode: 5 0 10479 5 0.006531238555908203
decode: 5 0 10484 5 0.006543159484863281
decode: 5 0 10489 5 0.006543874740600586
decode: 5 0 10494 5 0.006547451019287109
decode: 5 0 10499 5 0.006541728973388672
decode: 5 0 10504 5 0.006547212600708008
decode: 5 0 10509 5 0.006542682647705078
decode: 5 0 10514 5 0.006540060043334961
decode: 5 0 10519 5 0.006554126739501953
decode: 5 0 10524 5 0.006543874740600586
decode: 5 0 10529 5 0.006536960601806641
decode: 5 0 10534 5 0.006543874740600586
decode: 5 0 10539 5 0.006537675857543945
decode: 5 0 10544 5 0.006539821624755859
decode: 5 0 10549 5 0.00654292106628418
decode: 5 0 10554 5 0.006539821624755859
decode: 5 0 10559 5 0.006543397903442383
decode: 5 0 10564 5 0.006539344787597656
decode: 1 0 4097 1 0.007102489471435547
decode: 1 0 4098 1 0.006799936294555664
decode: 1 0 4099 1 0.00708317756652832
decode: 2 0 7880 2 0.007203578948974609
decode: 3 0 10922 3 0.00709986686706543
decode: 3 0 10925 3 0.006557941436767578
decode: 5 0 15428 5 0.006575107574462891
decode: 5 0 15433 5 0.0065765380859375
decode: 5 0 15438 5 0.006571531295776367
decode: 5 0 15443 5 0.006568431854248047
decode: 5 0 15448 5 0.006577253341674805
decode: 4 0 12331 4 0.006542205810546875
decode: 4 0 12335 4 0.006544589996337891
decode: 4 0 12339 4 0.006515026092529297
decode: 4 0 12343 4 0.006499052047729492
decode: 4 0 12347 4 0.006501197814941406
decode: 4 0 12351 4 0.006527423858642578
decode: 4 0 12355 4 0.006494760513305664
decode: 4 0 12359 4 0.00655817985534668
decode: 4 0 12363 4 0.006519317626953125
decode: 4 0 12367 4 0.006510496139526367
decode: 4 0 12371 4 0.006518125534057617
decode: 4 0 12375 4 0.006481170654296875
decode: 4 0 12379 4 0.006519794464111328
decode: 4 0 12383 4 0.006519317626953125
decode: 4 0 12387 4 0.006524801254272461
decode: 4 0 12391 4 0.006531476974487305
decode: 4 0 12395 4 0.0065212249755859375
decode: 4 0 12399 4 0.006516695022583008
decode: 4 0 12403 4 0.0065190792083740234
decode: 4 0 12407 4 0.006508827209472656
decode: 4 0 12411 4 0.006490945816040039
decode: 4 0 12415 4 0.00652313232421875
decode: 4 0 12419 4 0.006478309631347656
decode: 4 0 12423 4 0.006520509719848633
decode: 4 0 12427 4 0.006526470184326172
decode: 1 0 1413 1 0.00693058967590332
decode: 1 0 1414 1 0.0068705081939697266
decode: 3 0 3717 3 0.007062196731567383
decode: 3 0 3720 3 0.006487607955932617
decode: 5 0 8743 5 0.006529092788696289
decode: 5 0 8748 5 0.00652003288269043
decode: 5 0 8753 5 0.006509304046630859
decode: 5 0 8758 5 0.0065119266510009766
decode: 5 0 8763 5 0.006504535675048828
decode: 5 0 8768 5 0.0065305233001708984
decode: 5 0 8773 5 0.006544828414916992
decode: 5 0 8778 5 0.006533145904541016
decode: 5 0 8783 5 0.006542205810546875
decode: 5 0 8788 5 0.0065462589263916016
decode: 5 0 8793 5 0.0065174102783203125
decode: 5 0 8798 5 0.0065119266510009766
decode: 5 0 8803 5 0.0065212249755859375
decode: 5 0 8808 5 0.006537199020385742
decode: 5 0 8813 5 0.00651860237121582
decode: 5 0 8818 5 0.006531238555908203
decode: 5 0 8823 5 0.00652623176574707
decode: 5 0 8828 5 0.006537437438964844
decode: 5 0 8833 5 0.006517887115478516
decode: 5 0 8838 5 0.006573200225830078
decode: 5 0 8843 5 0.006561279296875
decode: 5 0 8848 5 0.006569862365722656
decode: 5 0 8853 5 0.006555318832397461
decode: 5 0 8858 5 0.006566286087036133
decode: 5 0 8863 5 0.006548404693603516
decode: 4 0 8241 4 0.006520748138427734
decode: 3 0 6969 3 0.006500244140625
decode: 3 0 6972 3 0.006512880325317383
decode: 3 0 6975 3 0.0065233707427978516
decode: 3 0 6978 3 0.00649261474609375
decode: 3 0 6981 3 0.006526947021484375
decode: 3 0 6984 3 0.006531238555908203
decode: 2 0 5899 2 0.007205963134765625
decode: 2 0 5901 2 0.007165193557739258
decode: 2 0 5903 2 0.006574392318725586
decode: 3 0 10038 3 0.0065839290618896484
decode: 3 0 10041 3 0.006588935852050781
decode: 3 0 10044 3 0.0065686702728271484
decode: 3 0 10047 3 0.0065577030181884766
decode: 3 0 10050 3 0.006554126739501953
decode: 3 0 10053 3 0.006569623947143555
decode: 3 0 10056 3 0.006585121154785156
decode: 3 0 10059 3 0.006562709808349609
decode: 3 0 10062 3 0.006566762924194336
decode: 3 0 10065 3 0.0065441131591796875
decode: 3 0 10068 3 0.006539583206176758
decode: 3 0 10071 3 0.006541728973388672
decode: 3 0 10074 3 0.00651860237121582
decode: 3 0 10077 3 0.00657963752746582
decode: 3 0 10080 3 0.006572246551513672
decode: 3 0 10083 3 0.006574869155883789
decode: 3 0 10086 3 0.006557941436767578
decode: 3 0 10089 3 0.006562709808349609
decode: 3 0 10092 3 0.0065577030181884766
decode: 3 0 10095 3 0.006558895111083984
decode: 3 0 10098 3 0.0065844058990478516
decode: 3 0 10101 3 0.00652766227722168
decode: 3 0 10104 3 0.006556272506713867
decode: 3 0 10107 3 0.00654292106628418
decode: 3 0 10110 3 0.006554365158081055
decode: 3 0 10113 3 0.006571531295776367
decode: 3 0 10116 3 0.006586551666259766
decode: 3 0 10119 3 0.0065577030181884766
decode: 3 0 10122 3 0.0065822601318359375
decode: 3 0 10125 3 0.006545305252075195
decode: 3 0 10128 3 0.006557941436767578
decode: 3 0 10131 3 0.00651240348815918
decode: 3 0 10134 3 0.006562709808349609
decode: 3 0 10137 3 0.0065174102783203125
decode: 3 0 10140 3 0.0065495967864990234
decode: 3 0 10143 3 0.006537914276123047
decode: 3 0 10146 3 0.006541728973388672
decode: 3 0 10149 3 0.006543636322021484
decode: 2 0 8662 2 0.006536245346069336
decode: 2 0 8664 2 0.006537437438964844
decode: 2 0 8666 2 0.006531476974487305
decode: 2 0 8668 2 0.0065343379974365234
decode: 2 0 8670 2 0.0064618587493896484
decode: 2 0 8672 2 0.006470680236816406
decode: 2 0 8674 2 0.006478548049926758
decode: 2 0 8676 2 0.006526947021484375
decode: 2 0 8678 2 0.006529808044433594
decode: 2 0 8680 2 0.0065386295318603516
decode: 2 0 8682 2 0.0065326690673828125
decode: 2 0 8684 2 0.006543159484863281
decode: 2 0 8686 2 0.0065326690673828125
decode: 2 0 8688 2 0.006539344787597656
decode: 2 0 8690 2 0.006458282470703125
decode: 2 0 8692 2 0.006487607955932617
decode: 1 0 4507 1 0.006509304046630859
decode: 1 0 4508 1 0.006417751312255859
decode: 1 0 4509 1 0.006470680236816406
decode: 1 0 4510 1 0.006482124328613281
decode: 1 0 4511 1 0.0064983367919921875
decode: 1 0 4512 1 0.006475687026977539
decode: 1 0 4513 1 0.006479024887084961
decode: 1 0 4514 1 0.006476163864135742
decode: 1 0 4515 1 0.006487607955932617
decode: 1 0 4516 1 0.006486415863037109
decode: 1 0 4517 1 0.00641632080078125
decode: 1 0 4518 1 0.006468534469604492
decode: 1 0 4519 1 0.0064697265625
decode: 1 0 4520 1 0.006478786468505859
decode: 1 0 4521 1 0.006479024887084961
decode: 1 0 4522 1 0.00648951530456543
decode: 1 0 4523 1 0.006478548049926758
decode: 1 0 4524 1 0.0064640045166015625
decode: 1 0 4525 1 0.0064470767974853516
decode: 1 0 4526 1 0.006482601165771484
decode: 1 0 4527 1 0.0064122676849365234
decode: 1 0 4528 1 0.006474971771240234
decode: 1 0 4529 1 0.006468534469604492
decode: 1 0 4530 1 0.006483793258666992
decode: 1 0 4531 1 0.006403684616088867
decode: 1 0 4532 1 0.006478786468505859
decode: 1 0 4533 1 0.006412506103515625
decode: 1 0 4534 1 0.006457805633544922
decode: 1 0 4535 1 0.006482839584350586
decode: 1 0 4536 1 0.006471395492553711
decode: 1 0 4537 1 0.006473064422607422
decode: 1 0 1134 1 0.006585359573364258
decode: 3 0 2943 3 0.00648188591003418
decode: 3 0 2946 3 0.006461381912231445
decode: 3 0 2949 3 0.006464958190917969
decode: 3 0 2952 3 0.006470441818237305
decode: 3 0 2955 3 0.006460428237915039
decode: 3 0 2958 3 0.006458759307861328
decode: 3 0 2961 3 0.0064814090728759766
decode: 3 0 2964 3 0.006468772888183594
decode: 3 0 2967 3 0.006490945816040039
decode: 3 0 2970 3 0.0064923763275146484
decode: 3 0 2973 3 0.0064775943756103516
decode: 3 0 2976 3 0.006468057632446289
decode: 3 0 2979 3 0.006482124328613281
decode: 3 0 2982 3 0.006500244140625
decode: 3 0 2985 3 0.0064661502838134766
decode: 3 0 2988 3 0.006463527679443359
decode: 3 0 2991 3 0.006478309631347656
decode: 3 0 2994 3 0.006507396697998047
decode: 3 0 2997 3 0.0064754486083984375
decode: 3 0 3000 3 0.0064775943756103516
decode: 3 0 3003 3 0.006468296051025391
decode: 3 0 3006 3 0.006505250930786133
decode: 3 0 3009 3 0.006468534469604492
decode: 3 0 3012 3 0.006475210189819336
decode: 3 0 3015 3 0.006469249725341797
decode: 3 0 3018 3 0.0064623355865478516
decode: 3 0 3021 3 0.0064966678619384766
decode: 3 0 3024 3 0.006470441818237305
decode: 3 0 3027 3 0.006469011306762695
decode: 3 0 3030 3 0.0064775943756103516
decode: 3 0 3033 3 0.006472110748291016
decode: 3 0 3036 3 0.006462812423706055
decode: 3 0 3039 3 0.006457328796386719
decode: 3 0 3042 3 0.006451606750488281
decode: 3 0 3045 3 0.006493091583251953
decode: 3 0 3048 3 0.006481647491455078
decode: 3 0 3051 3 0.006462812423706055
decode: 3 0 3054 3 0.006468057632446289
decode: 3 0 3057 3 0.006502866744995117
decode: 3 0 3060 3 0.006460428237915039
decode: 3 0 3063 3 0.006456136703491211
decode: 1 0 3072 1 0.0069658756256103516
decode: 1 0 3073 1 0.006682872772216797
decode: 2 0 6887 2 0.006517171859741211
decode: 2 0 6889 2 0.006501436233520508
decode: 2 0 6891 2 0.006517171859741211
decode: 2 0 6893 2 0.0065152645111083984
decode: 2 0 6895 2 0.006500959396362305
decode: 2 0 6897 2 0.00648808479309082
decode: 2 0 6899 2 0.006505489349365234
decode: 2 0 6901 2 0.00650787353515625
decode: 2 0 6903 2 0.0064465999603271484
decode: 2 0 6905 2 0.00650787353515625
decode: 2 0 6907 2 0.006507158279418945
decode: 2 0 6909 2 0.006508350372314453
decode: 2 0 6911 2 0.006505489349365234
decode: 2 0 6913 2 0.006464481353759766
decode: 2 0 6915 2 0.0064334869384765625
decode: 2 0 6917 2 0.0064351558685302734
decode: 2 0 6919 2 0.006509065628051758
decode: 2 0 6921 2 0.006442546844482422
decode: 2 0 6923 2 0.006427764892578125
decode: 2 0 6925 2 0.006503582000732422
decode: 2 0 6927 2 0.00643157958984375
decode: 2 0 6929 2 0.006498575210571289
decode: 2 0 6931 2 0.006425619125366211
decode: 2 0 6933 2 0.006510019302368164
decode: 2 0 6935 2 0.006508350372314453
decode: 2 0 6937 2 0.006438016891479492
decode: 2 0 6939 2 0.006514310836791992
decode: 2 0 6941 2 0.006511688232421875
decode: 2 0 6943 2 0.0064432621002197266
decode: 2 0 6945 2 0.006503582000732422
decode: 2 0 6947 2 0.006532430648803711
decode: 2 0 6949 2 0.006503582000732422
decode: 2 0 6951 2 0.006508350372314453
decode: 2 0 6953 2 0.00651240348815918
decode: 2 0 6955 2 0.00655674934387207
decode: 2 0 6957 2 0.006562471389770508
decode: 2 0 6959 2 0.00648808479309082
decode: 2 0 6961 2 0.006565093994140625
decode: 2 0 6963 2 0.006551265716552734
decode: 1 0 4538 1 0.0065310001373291016
decode: 1 0 4539 1 0.006501913070678711
decode: 1 0 4540 1 0.0064847469329833984
decode: 1 0 4541 1 0.006400585174560547
decode: 1 0 4542 1 0.0064580440521240234
decode: 1 0 4543 1 0.006463766098022461
decode: 1 0 4544 1 0.00639796257019043
decode: 1 0 4545 1 0.006455183029174805
decode: 1 0 4546 1 0.00647425651550293
decode: 1 0 4547 1 0.006460905075073242
decode: 1 0 4548 1 0.006400108337402344
decode: 1 0 1531 1 0.006312847137451172
decode: 1 0 1532 1 0.006300926208496094
decode: 1 0 1533 1 0.006333589553833008
decode: 1 0 1534 1 0.006346464157104492
decode: 1 0 1535 1 0.006347179412841797
decode: 1 0 1536 1 0.006330251693725586
decode: 1 0 1537 1 0.006272315979003906
decode: 1 0 1538 1 0.006278514862060547
decode: 1 0 1539 1 0.006283283233642578
decode: 1 0 1540 1 0.00633549690246582
decode: 1 0 1541 1 0.006344318389892578
decode: 1 0 1542 1 0.006337642669677734
decode: 1 0 1543 1 0.006341695785522461
decode: 1 0 1544 1 0.006329059600830078
decode: 1 0 1545 1 0.0063397884368896484
decode: 1 0 1546 1 0.006345033645629883
decode: 1 0 1547 1 0.006335020065307617
decode: 1 0 1548 1 0.006342649459838867
decode: 1 0 1549 1 0.006338834762573242
decode: 1 0 1550 1 0.006335258483886719
decode: 1 0 1551 1 0.006343841552734375
decode: 1 0 1552 1 0.006270170211791992
decode: 1 0 1553 1 0.006330728530883789
decode: 1 0 1554 1 0.006344318389892578
decode: 1 0 1555 1 0.006270647048950195
decode: 1 0 1556 1 0.006333589553833008
decode: 1 0 1557 1 0.006341457366943359
decode: 1 0 1558 1 0.00634312629699707
decode: 1 0 1559 1 0.006336688995361328
decode: 1 0 1560 1 0.006341218948364258
decode: 1 0 1561 1 0.006268501281738281
decode: 1 0 1562 1 0.0063381195068359375
decode: 1 0 1563 1 0.006272315979003906
decode: 1 0 1564 1 0.006348371505737305
decode: 1 0 1565 1 0.006348609924316406
decode: 1 0 1566 1 0.006335258483886719
decode: 1 0 1567 1 0.006342172622680664
decode: 1 0 1568 1 0.0063440799713134766
decode: 1 0 1569 1 0.006251811981201172
decode: 1 0 1570 1 0.006348133087158203
decode: 1 0 1088 1 0.006157636642456055
decode: 1 0 1089 1 0.006221771240234375
decode: 1 0 1090 1 0.006212711334228516
decode: 1 0 1091 1 0.006211042404174805
decode: 1 0 1092 1 0.006209373474121094
decode: 1 0 1093 1 0.0062122344970703125
decode: 1 0 1094 1 0.006195068359375
decode: 1 0 1095 1 0.00614476203918457
decode: 1 0 1096 1 0.006212949752807617
decode: 1 0 1097 1 0.006231546401977539
decode: 1 0 1098 1 0.006141185760498047
decode: 1 0 1099 1 0.006221771240234375
decode: 1 0 1100 1 0.006171226501464844
decode: 1 0 1101 1 0.0062177181243896484
decode: 1 0 1102 1 0.006143808364868164
decode: 1 0 1103 1 0.006218671798706055
decode: 1 0 1104 1 0.006165981292724609
decode: 1 0 1105 1 0.006226301193237305
decode: 1 0 1106 1 0.006234407424926758
decode: 1 0 1107 1 0.006234645843505859
decode: 1 0 1108 1 0.006244182586669922
decode: 1 0 1109 1 0.006227254867553711
decode: 1 0 1110 1 0.0062503814697265625
decode: 1 0 1111 1 0.006250619888305664
decode: 1 0 1112 1 0.006234169006347656
decode: 1 0 1113 1 0.006265401840209961
decode: 1 0 1114 1 0.006258964538574219
decode: 1 0 1115 1 0.006190061569213867
decode: 1 0 1116 1 0.0062673091888427734
decode: 1 0 1117 1 0.0062503814697265625
decode: 1 0 1118 1 0.006253719329833984
decode: 1 0 1119 1 0.006250143051147461
decode: 1 0 1120 1 0.006270885467529297
decode: 1 0 1121 1 0.006270170211791992
decode: 1 0 1122 1 0.006284475326538086
decode: 1 0 1123 1 0.006281375885009766
decode: 1 0 1124 1 0.0062770843505859375
decode: 1 0 1125 1 0.0061991214752197266
decode: 1 0 1126 1 0.006222724914550781
decode: 1 0 1127 1 0.006206989288330078
decode: 1 0 1128 1 0.006281137466430664
decode: 1 0 1129 1 0.006301164627075195
decode: 1 0 1130 1 0.006236076354980469
decode: 1 0 1131 1 0.006219148635864258
decode: 1 0 1132 1 0.006211042404174805
decode: 1 0 1133 1 0.006287336349487305
decode: 1 0 1134 1 0.006296396255493164
decode: 1 0 1135 1 0.006289958953857422
decode: 1 0 1136 1 0.0062389373779296875
decode: 1 0 1137 1 0.006310462951660156
decode: 1 0 1138 1 0.0063397884368896484
decode: 1 0 1139 1 0.006306648254394531
decode: 1 0 1140 1 0.006320953369140625
decode: 1 0 1141 1 0.0063076019287109375
decode: 1 0 1142 1 0.0063173770904541016
decode: 1 0 1143 1 0.006318092346191406
decode: 1 0 1144 1 0.00630950927734375
decode: 1 0 1145 1 0.006330728530883789
decode: 1 0 1146 1 0.0062732696533203125
decode: 1 0 1147 1 0.006255149841308594
decode: 1 0 1148 1 0.006267547607421875
decode: 1 0 1149 1 0.006315946578979492
decode: 1 0 1150 1 0.006257295608520508
decode: 1 0 1151 1 0.006277561187744141
decode: 1 0 1152 1 0.006325960159301758
decode: 1 0 1153 1 0.006264448165893555
decode: 1 0 1154 1 0.006258249282836914
decode: 1 0 1155 1 0.006320476531982422
decode: 1 0 1156 1 0.006328105926513672
decode: 1 0 1157 1 0.00634312629699707
decode: 1 0 1158 1 0.006336212158203125
decode: 1 0 1159 1 0.006317853927612305
decode: 1 0 1160 1 0.0062713623046875
decode: 1 0 359 1 0.0062541961669921875
decode: 2 0 1536 2 0.006365537643432617
decode: 2 0 1538 2 0.0063936710357666016
decode: 2 0 1540 2 0.006385087966918945
decode: 2 0 1542 2 0.006404876708984375
decode: 2 0 1544 2 0.00637507438659668
decode: 2 0 1546 2 0.006376981735229492
decode: 2 0 1548 2 0.006368160247802734
decode: 2 0 1550 2 0.0063054561614990234
decode: 2 0 1552 2 0.006374359130859375
decode: 2 0 1554 2 0.0063936710357666016
decode: 2 0 1556 2 0.0064394474029541016
decode: 2 0 1558 2 0.006358623504638672
decode: 2 0 1560 2 0.006374359130859375
decode: 2 0 1562 2 0.006372690200805664
decode: 2 0 1564 2 0.006368398666381836
decode: 2 0 1566 2 0.006426572799682617
decode: 2 0 1568 2 0.006401538848876953
decode: 2 0 1570 2 0.00637364387512207
decode: 2 0 1572 2 0.006306648254394531
decode: 2 0 1574 2 0.0063817501068115234
decode: 2 0 1576 2 0.006304025650024414
decode: 2 0 1578 2 0.006426334381103516
decode: 2 0 1580 2 0.00637507438659668
decode: 2 0 1582 2 0.006380796432495117
decode: 2 0 1584 2 0.0063762664794921875
decode: 2 0 1586 2 0.006375312805175781
decode: 2 0 1588 2 0.006440401077270508
decode: 2 0 1590 2 0.006375551223754883
decode: 2 0 1592 2 0.006332874298095703
decode: 2 0 1594 2 0.006371974945068359
decode: 2 0 1596 2 0.006388664245605469
decode: 2 0 1598 2 0.006375551223754883
decode: 2 0 1600 2 0.0063686370849609375
decode: 2 0 1602 2 0.006317853927612305
decode: 2 0 1604 2 0.006293535232543945
decode: 2 0 1606 2 0.0063626766204833984
decode: 2 0 1608 2 0.006445407867431641
decode: 2 0 1610 2 0.006296396255493164
decode: 2 0 1612 2 0.006377696990966797
decode: 2 0 1614 2 0.00632166862487793
decode: 2 0 1616 2 0.006384372711181641
decode: 2 0 1618 2 0.00636744499206543
decode: 2 0 1620 2 0.0063703060150146484
decode: 2 0 1622 2 0.0063855648040771484
decode: 2 0 1624 2 0.006368398666381836
decode: 2 0 1626 2 0.006367206573486328
decode: 2 0 1628 2 0.00628972053527832
decode: 2 0 1630 2 0.006302595138549805
decode: 2 0 1632 2 0.0063822269439697266
decode: 1 0 3852 1 0.00687861442565918
decode: 1 0 3853 1 0.006478548049926758
decode: 2 0 6967 2 0.006501674652099609
decode: 2 0 6969 2 0.0064356327056884766
decode: 2 0 6971 2 0.006501436233520508
decode: 2 0 6973 2 0.006490230560302734
decode: 2 0 6975 2 0.006514787673950195
decode: 2 0 6977 2 0.006508350372314453
decode: 2 0 6979 2 0.006488323211669922
decode: 2 0 6981 2 0.006504058837890625
decode: 2 0 6983 2 0.006501197814941406
decode: 2 0 6985 2 0.006575345993041992
decode: 2 0 6987 2 0.006700038909912109
decode: 2 0 6989 2 0.00644373893737793
decode: 2 0 6991 2 0.006514549255371094
decode: 2 0 6993 2 0.006505489349365234
decode: 2 0 6995 2 0.006459236145019531
decode: 2 0 6997 2 0.0065097808837890625
decode: 2 0 6999 2 0.006548643112182617
decode: 2 0 7001 2 0.006493806838989258
decode: 2 0 7003 2 0.006554365158081055
decode: 2 0 7005 2 0.00656437873840332
decode: 2 0 7007 2 0.006434440612792969
decode: 2 0 7009 2 0.0064580440521240234
decode: 2 0 7011 2 0.0065152645111083984
decode: 2 0 7013 2 0.006508827209472656
decode: 2 0 7015 2 0.006502628326416016
decode: 2 0 7017 2 0.006489276885986328
decode: 2 0 7019 2 0.00650787353515625
decode: 2 0 7021 2 0.0064239501953125
decode: 2 0 7023 2 0.006605863571166992
decode: 2 0 7025 2 0.006520509719848633
decode: 2 0 7027 2 0.00662994384765625
decode: 2 0 7029 2 0.0064699649810791016
decode: 2 0 7031 2 0.006531476974487305
decode: 2 0 7033 2 0.006486415863037109
decode: 2 0 7035 2 0.006492137908935547
decode: 2 0 7037 2 0.00651860237121582
decode: 1 0 3890 1 0.0064771175384521484
decode: 1 0 3891 1 0.006454944610595703
decode: 1 0 3892 1 0.006473541259765625
decode: 1 0 3893 1 0.006534576416015625
decode: 1 0 3894 1 0.006410121917724609
decode: 1 0 3895 1 0.0064427852630615234
decode: 1 0 3896 1 0.0064585208892822266
decode: 1 0 3897 1 0.006467580795288086
decode: 1 0 3898 1 0.006412029266357422
decode: 1 0 3899 1 0.006459951400756836
decode: 1 0 3900 1 0.00646662712097168
decode: 1 0 3901 1 0.006512641906738281
decode: 1 0 3902 1 0.006525278091430664
decode: 1 0 3903 1 0.006525993347167969
decode: 1 0 3904 1 0.006462812423706055
decode: 1 0 3905 1 0.006448030471801758
decode: 1 0 3906 1 0.00644373893737793
decode: 1 0 3907 1 0.006463527679443359
decode: 1 0 3908 1 0.006389141082763672
decode: 1 0 3909 1 0.0065021514892578125
decode: 1 0 3910 1 0.006448507308959961
decode: 1 0 3911 1 0.006440401077270508
decode: 1 0 3912 1 0.006501674652099609
decode: 1 0 3913 1 0.006486415863037109
decode: 1 0 3914 1 0.006502866744995117
decode: 1 0 3915 1 0.006470441818237305
decode: 1 0 3916 1 0.006466865539550781
decode: 1 0 3917 1 0.006517648696899414
decode: 1 0 3918 1 0.006483554840087891
decode: 1 0 3919 1 0.006455659866333008
decode: 1 0 3920 1 0.006448984146118164
decode: 1 0 3921 1 0.0063817501068115234
decode: 1 0 3922 1 0.006581306457519531
decode: 1 0 3923 1 0.0064487457275390625
decode: 1 0 3924 1 0.006392240524291992
decode: 1 0 3925 1 0.006392478942871094
decode: 1 0 3926 1 0.006394863128662109
decode: 1 0 3927 1 0.006468534469604492
decode: 1 0 3928 1 0.0065228939056396484
decode: 1 0 3929 1 0.006537675857543945
decode: 1 0 3930 1 0.0064923763275146484
decode: 1 0 3931 1 0.006465911865234375
decode: 1 0 3932 1 0.006387472152709961
decode: 1 0 3933 1 0.0064487457275390625
decode: 1 0 3934 1 0.006456613540649414
decode: 1 0 3935 1 0.00645136833190918
decode: 1 0 3936 1 0.00644230842590332
decode: 1 0 3937 1 0.006457328796386719
decode: 1 0 3938 1 0.006448984146118164
decode: 1 0 3939 1 0.0064694881439208984
decode: 1 0 3940 1 0.006453275680541992
decode: 1 0 3941 1 0.006456851959228516
decode: 1 0 3942 1 0.006464719772338867
decode: 1 0 3943 1 0.006437540054321289
decode: 1 0 3944 1 0.0064449310302734375
decode: 1 0 3945 1 0.006394624710083008
decode: 1 0 3946 1 0.006386995315551758
decode: 1 0 3947 1 0.006376743316650391
decode: 1 0 3948 1 0.0064508914947509766
decode: 1 0 3949 1 0.006372928619384766
decode: 1 0 3950 1 0.006438016891479492
decode: 1 0 3951 1 0.006406068801879883
decode: 1 0 3952 1 0.006397247314453125
decode: 1 0 3953 1 0.006436824798583984
decode: 1 0 3954 1 0.0064544677734375
decode: 1 0 3955 1 0.006455183029174805
decode: 1 0 3956 1 0.00644230842590332
decode: 1 0 3957 1 0.006445884704589844
decode: 1 0 3958 1 0.006444692611694336
decode: 1 0 3959 1 0.006376028060913086
decode: 1 0 3960 1 0.006455659866333008
decode: 1 0 3961 1 0.0064487457275390625
decode: 1 0 3962 1 0.006444692611694336
decode: 1 0 3963 1 0.0064487457275390625
decode: 1 0 3964 1 0.006461143493652344
decode: 1 0 3965 1 0.006386280059814453
decode: 1 0 3966 1 0.006400346755981445
decode: 1 0 3967 1 0.006451129913330078
decode: 1 0 3968 1 0.006371736526489258
decode: 1 0 3969 1 0.006449460983276367
decode: 1 0 3970 1 0.006459474563598633
decode: 1 0 3971 1 0.006441593170166016
decode: 1 0 3972 1 0.006454944610595703
decode: 1 0 3973 1 0.006449222564697266
decode: 1 0 3974 1 0.0064465999603271484
decode: 1 0 3975 1 0.006392478942871094
decode: 1 0 3976 1 0.006458282470703125
decode: 1 0 3977 1 0.006440162658691406
decode: 1 0 3978 1 0.006451129913330078
decode: 1 0 3979 1 0.00641322135925293
decode: 1 0 3980 1 0.00646519660949707
decode: 1 0 3981 1 0.006453275680541992
decode: 1 0 3982 1 0.006450653076171875
decode: 1 0 3983 1 0.006461620330810547
decode: 1 0 3984 1 0.006409645080566406
decode: 1 0 3985 1 0.006449699401855469
decode: 1 0 3986 1 0.006467103958129883
decode: 1 0 3987 1 0.006438016891479492
decode: 1 0 3988 1 0.006466865539550781
decode: 1 0 3989 1 0.0064733028411865234
decode: 1 0 3990 1 0.006462574005126953
decode: 1 0 3991 1 0.006441831588745117
decode: 1 0 3992 1 0.006390571594238281
decode: 1 0 3993 1 0.006464719772338867
decode: 1 0 3994 1 0.006455421447753906
decode: 1 0 3995 1 0.006464719772338867
decode: 1 0 3996 1 0.006453752517700195
decode: 1 0 3997 1 0.006390571594238281
decode: 1 0 3998 1 0.00647425651550293
decode: 1 0 3999 1 0.00638270378112793
decode: 1 0 4000 1 0.006466388702392578
decode: 1 0 4001 1 0.006451845169067383
decode: 1 0 4002 1 0.006447315216064453
decode: 1 0 4003 1 0.0064525604248046875
decode: 1 0 4004 1 0.006461381912231445
decode: 1 0 4005 1 0.006457328796386719
decode: 1 0 4006 1 0.006450653076171875
decode: 1 0 4007 1 0.006473064422607422
decode: 1 0 4008 1 0.006391048431396484
decode: 1 0 4009 1 0.006456136703491211
decode: 1 0 4010 1 0.006398677825927734
decode: 1 0 4011 1 0.006463289260864258
decode: 1 0 4012 1 0.006467103958129883
decode: 1 0 4013 1 0.006464719772338867
decode: 1 0 4014 1 0.006447315216064453
decode: 1 0 4015 1 0.0063822269439697266
decode: 1 0 4016 1 0.0063898563385009766
decode: 1 0 4017 1 0.00646519660949707
decode: 1 0 4018 1 0.0064623355865478516
decode: 1 0 4019 1 0.0064754486083984375
decode: 1 0 4020 1 0.0064084529876708984
decode: 1 0 4021 1 0.006472349166870117
decode: 1 0 4022 1 0.006437778472900391
decode: 1 0 4023 1 0.0064547061920166016
decode: 1 0 4024 1 0.006451606750488281
decode: 1 0 4025 1 0.006453275680541992
decode: 1 0 4026 1 0.006477832794189453
decode: 1 0 4027 1 0.006460428237915039
decode: 1 0 4028 1 0.006407499313354492
decode: 1 0 4029 1 0.0063898563385009766
decode: 1 0 4030 1 0.0064544677734375
decode: 1 0 4031 1 0.00640416145324707
decode: 1 0 4032 1 0.006453037261962891
decode: 1 0 4033 1 0.006375312805175781
decode: 1 0 4034 1 0.006453752517700195
decode: 1 0 4035 1 0.006457090377807617
decode: 1 0 4036 1 0.00652766227722168
decode: 1 0 4037 1 0.0064716339111328125
decode: 1 0 4038 1 0.0063970088958740234
decode: 1 0 4039 1 0.006469011306762695
decode: 1 0 4040 1 0.006394863128662109
decode: 1 0 4041 1 0.006401777267456055
decode: 1 0 4042 1 0.006470203399658203
decode: 1 0 4043 1 0.0064105987548828125
decode: 1 0 4044 1 0.006472349166870117
decode: 1 0 4045 1 0.006460428237915039
decode: 1 0 4046 1 0.006457805633544922
decode: 1 0 4047 1 0.006467580795288086
decode: 1 0 4048 1 0.006467103958129883
decode: 1 0 4049 1 0.006389617919921875
decode: 1 0 4050 1 0.006464242935180664
decode: 1 0 4051 1 0.0064623355865478516
decode: 1 0 4052 1 0.0064694881439208984
decode: 1 0 4053 1 0.006398200988769531
decode: 1 0 4054 1 0.006478309631347656
decode: 1 0 4055 1 0.006479978561401367
decode: 1 0 4056 1 0.006463766098022461
decode: 1 0 4057 1 0.0064754486083984375
decode: 1 0 4058 1 0.00648808479309082
decode: 1 0 4059 1 0.006465435028076172
decode: 1 0 4060 1 0.0064122676849365234
decode: 1 0 4061 1 0.006400585174560547
decode: 1 0 4062 1 0.00647282600402832
decode: 1 0 4063 1 0.006451129913330078
decode: 1 0 4064 1 0.006456136703491211
decode: 1 0 4065 1 0.0063877105712890625
decode: 1 0 4066 1 0.0064640045166015625
decode: 1 0 4067 1 0.006464958190917969
decode: 1 0 4068 1 0.006407499313354492
decode: 1 0 4069 1 0.006401538848876953
decode: 1 0 4070 1 0.006459951400756836
decode: 1 0 4071 1 0.006465911865234375
decode: 1 0 4072 1 0.00645756721496582
decode: 1 0 4073 1 0.006417274475097656
decode: 1 0 4074 1 0.006467103958129883
decode: 1 0 4075 1 0.006475687026977539
decode: 1 0 4076 1 0.0064699649810791016
decode: 1 0 4077 1 0.00646662712097168
decode: 1 0 4078 1 0.0063991546630859375
decode: 1 0 4079 1 0.006457328796386719
decode: 1 0 4080 1 0.00639796257019043
decode: 1 0 4081 1 0.00646662712097168
decode: 1 0 4082 1 0.006467580795288086
decode: 1 0 4083 1 0.0064585208892822266
decode: 1 0 4084 1 0.0064525604248046875
decode: 1 0 4085 1 0.006405353546142578
decode: 1 0 4086 1 0.006467103958129883
decode: 1 0 4087 1 0.006464719772338867
decode: 1 0 4088 1 0.006403446197509766
decode: 1 0 4089 1 0.006460905075073242
decode: 1 0 4090 1 0.0063936710357666016
decode: 1 0 4091 1 0.006460428237915039
decode: 1 0 4092 1 0.006470918655395508
decode: 1 0 4093 1 0.006461143493652344
decode: 1 0 4094 1 0.006473541259765625
decode: 1 0 4095 1 0.0064868927001953125
decode: 1 0 4096 1 0.006475687026977539
decode: 1 0 4097 1 0.0064640045166015625
decode: 1 0 4098 1 0.0064737796783447266
decode: 1 0 4099 1 0.006406307220458984
decode: 1 0 4100 1 0.006467580795288086
decode: 1 0 4101 1 0.006470918655395508
decode: 1 0 4102 1 0.006464242935180664
decode: 1 0 4103 1 0.006398439407348633
decode: 1 0 4104 1 0.006470441818237305
decode: 1 0 4105 1 0.006479978561401367
decode: 1 0 4106 1 0.006469011306762695
decode: 1 0 4107 1 0.006462812423706055
decode: 1 0 4108 1 0.006480216979980469
decode: 1 0 4109 1 0.006469249725341797
decode: 1 0 4110 1 0.0063936710357666016
decode: 1 0 4111 1 0.00647282600402832
decode: 1 0 4112 1 0.006460666656494141
decode: 1 0 4113 1 0.00646209716796875
decode: 1 0 4114 1 0.0064198970794677734
decode: 1 0 4115 1 0.006382942199707031
decode: 1 0 4116 1 0.006473064422607422
decode: 1 0 4117 1 0.0064122676849365234
decode: 1 0 4118 1 0.006473541259765625
decode: 1 0 1225 1 0.006493568420410156
decode: 2 0 1635 2 0.006438016891479492
decode: 2 0 1637 2 0.0063936710357666016
decode: 2 0 1639 2 0.006389141082763672
decode: 2 0 1641 2 0.006388425827026367
decode: 2 0 1643 2 0.006379365921020508
decode: 2 0 1645 2 0.006383180618286133
decode: 2 0 1647 2 0.006323337554931641
decode: 2 0 1649 2 0.0063762664794921875
decode: 2 0 1651 2 0.006396293640136719
decode: 2 0 1653 2 0.006389141082763672
decode: 2 0 1655 2 0.0063855648040771484
decode: 2 0 1657 2 0.00638127326965332
decode: 2 0 1659 2 0.0063860416412353516
decode: 2 0 1661 2 0.006386756896972656
decode: 2 0 1663 2 0.006381988525390625
decode: 2 0 1665 2 0.0063207149505615234
decode: 2 0 1667 2 0.0063817501068115234
decode: 2 0 1669 2 0.00631260871887207
decode: 2 0 1671 2 0.006376743316650391
decode: 2 0 1673 2 0.0063059329986572266
decode: 2 0 1675 2 0.0063877105712890625
decode: 2 0 1677 2 0.006384849548339844
decode: 2 0 1679 2 0.0063745975494384766
decode: 2 0 1681 2 0.00638127326965332
decode: 2 0 1683 2 0.006383657455444336
decode: 2 0 1685 2 0.0063860416412353516
decode: 2 0 1687 2 0.006385087966918945
decode: 2 0 1689 2 0.006319284439086914
decode: 2 0 1691 2 0.0063822269439697266
decode: 2 0 1693 2 0.0063207149505615234
decode: 2 0 1695 2 0.006311178207397461
decode: 2 0 1697 2 0.0063173770904541016
decode: 2 0 1699 2 0.006374835968017578
decode: 2 0 1701 2 0.0063021183013916016
decode: 2 0 1703 2 0.006392240524291992
decode: 2 0 1705 2 0.006388187408447266
decode: 2 0 1707 2 0.006407737731933594
decode: 2 0 1709 2 0.0063016414642333984
decode: 2 0 1711 2 0.006398439407348633
decode: 2 0 1713 2 0.006386518478393555
decode: 2 0 1715 2 0.006318569183349609
decode: 2 0 1717 2 0.006383419036865234
decode: 2 0 1719 2 0.006320953369140625
decode: 2 0 1721 2 0.006370067596435547
decode: 2 0 1723 2 0.006384372711181641
decode: 2 0 1725 2 0.006387948989868164
decode: 2 0 1727 2 0.00638127326965332
decode: 2 0 1729 2 0.006384849548339844
decode: 2 0 1731 2 0.006386756896972656
decode: 2 0 1733 2 0.006379842758178711
decode: 2 0 1735 2 0.006378650665283203
decode: 2 0 1737 2 0.006310701370239258
decode: 2 0 1739 2 0.0063838958740234375
decode: 2 0 1741 2 0.006375551223754883
decode: 2 0 1743 2 0.0063817501068115234
decode: 2 0 1745 2 0.006378650665283203
decode: 2 0 1747 2 0.006373167037963867
decode: 2 0 1749 2 0.006386995315551758
decode: 2 0 1751 2 0.006323575973510742
decode: 2 0 1753 2 0.006384134292602539
decode: 2 0 1755 2 0.0063877105712890625
decode: 2 0 1757 2 0.00632786750793457
decode: 2 0 1759 2 0.0063877105712890625
decode: 2 0 1761 2 0.0063893795013427734
decode: 2 0 1763 2 0.006310462951660156
decode: 2 0 1765 2 0.00638580322265625
decode: 2 0 1767 2 0.006384849548339844
decode: 2 0 1769 2 0.0063860416412353516
decode: 2 0 1771 2 0.0063855648040771484
decode: 2 0 1773 2 0.0063898563385009766
decode: 2 0 1775 2 0.006387948989868164
decode: 2 0 1777 2 0.006390810012817383
decode: 2 0 1779 2 0.006317853927612305
decode: 2 0 1781 2 0.0062944889068603516
decode: 2 0 1783 2 0.006374359130859375
decode: 2 0 1785 2 0.006366729736328125
decode: 2 0 1787 2 0.00632023811340332
decode: 2 0 1789 2 0.006381988525390625
decode: 2 0 1791 2 0.006387233734130859
decode: 2 0 1793 2 0.006315469741821289
decode: 2 0 1795 2 0.006378650665283203
decode: 2 0 1797 2 0.006378650665283203
decode: 2 0 1799 2 0.006381511688232422
decode: 2 0 1801 2 0.006386518478393555
decode: 2 0 1803 2 0.006376743316650391
decode: 2 0 1805 2 0.006407499313354492
decode: 2 0 1807 2 0.0063800811767578125
decode: 2 0 1809 2 0.00638270378112793
decode: 2 0 1811 2 0.006387233734130859
decode: 2 0 1813 2 0.0063211917877197266
decode: 2 0 1815 2 0.006379842758178711
decode: 2 0 1817 2 0.006380319595336914
decode: 2 0 1819 2 0.0063915252685546875
decode: 2 0 1821 2 0.006381988525390625
decode: 2 0 1823 2 0.0063800811767578125
decode: 2 0 1825 2 0.006310701370239258
decode: 2 0 1827 2 0.006381511688232422
decode: 2 0 1829 2 0.006380319595336914
decode: 2 0 1831 2 0.0063173770904541016
decode: 2 0 1833 2 0.006378173828125
decode: 2 0 1835 2 0.006376028060913086
decode: 2 0 1837 2 0.006384611129760742
decode: 2 0 1839 2 0.006382942199707031
decode: 2 0 1841 2 0.006307125091552734
decode: 2 0 1843 2 0.006383180618286133
decode: 2 0 1845 2 0.006381988525390625
decode: 2 0 1847 2 0.006304740905761719
decode: 2 0 1849 2 0.006385087966918945
decode: 2 0 1851 2 0.0064394474029541016
decode: 2 0 1853 2 0.00640559196472168
decode: 2 0 1855 2 0.0064275264739990234
decode: 2 0 1857 2 0.006393909454345703
decode: 2 0 1859 2 0.00632166862487793
decode: 2 0 1861 2 0.006410360336303711
decode: 2 0 1863 2 0.0064144134521484375
decode: 2 0 1865 2 0.006340742111206055
decode: 2 0 1867 2 0.0064411163330078125
decode: 2 0 1869 2 0.006413936614990234
decode: 2 0 1871 2 0.006386756896972656
decode: 2 0 1873 2 0.006316423416137695
decode: 2 0 1875 2 0.006302595138549805
decode: 2 0 1877 2 0.006301164627075195
decode: 2 0 1879 2 0.0063855648040771484
decode: 2 0 1881 2 0.0063784122467041016
decode: 2 0 1883 2 0.006319761276245117
decode: 2 0 1885 2 0.0063991546630859375
decode: 2 0 1887 2 0.006384372711181641
decode: 2 0 1889 2 0.006304025650024414
decode: 2 0 1891 2 0.006311178207397461
decode: 2 0 1893 2 0.0063245296478271484
decode: 2 0 1895 2 0.00638580322265625
decode: 2 0 1897 2 0.006319284439086914
decode: 2 0 1899 2 0.006392240524291992
decode: 2 0 1901 2 0.006386280059814453
decode: 2 0 1903 2 0.006386518478393555
decode: 1 0 1361 1 0.006301164627075195
decode: 1 0 1362 1 0.006290912628173828
decode: 1 0 1363 1 0.006354093551635742
decode: 1 0 1364 1 0.006350517272949219
decode: 1 0 1365 1 0.006274700164794922
decode: 1 0 1366 1 0.006353616714477539
decode: 1 0 1367 1 0.006295204162597656
decode: 1 0 1368 1 0.006272077560424805
decode: 1 0 1369 1 0.006345987319946289
decode: 1 0 1370 1 0.006306886672973633
decode: 1 0 1371 1 0.006286144256591797
decode: 1 0 1372 1 0.0063550472259521484
decode: 1 0 1373 1 0.006282806396484375
decode: 1 0 1374 1 0.0063021183013916016
decode: 1 0 1375 1 0.0063478946685791016
decode: 1 0 1376 1 0.006345510482788086
decode: 1 0 1377 1 0.006356000900268555
decode: 1 0 1378 1 0.006346225738525391
decode: 1 0 1379 1 0.006277799606323242
decode: 1 0 1380 1 0.006343841552734375
decode: 1 0 1381 1 0.006290912628173828
decode: 1 0 1382 1 0.006356954574584961
decode: 1 0 1383 1 0.0062906742095947266
decode: 1 0 1384 1 0.006350994110107422
decode: 1 0 1385 1 0.006358623504638672
decode: 1 0 1386 1 0.006361722946166992
decode: 1 0 1387 1 0.006278038024902344
decode: 1 0 1388 1 0.006348609924316406
decode: 1 0 1389 1 0.006297111511230469
decode: 1 0 1390 1 0.006354570388793945
decode: 1 0 1391 1 0.006296634674072266
decode: 1 0 1392 1 0.0063533782958984375
decode: 1 0 1393 1 0.006272315979003906
decode: 1 0 1394 1 0.006365537643432617
decode: 1 0 1395 1 0.006284952163696289
decode: 1 0 1396 1 0.006299257278442383
decode: 1 0 1397 1 0.006353855133056641
decode: 1 0 1398 1 0.006354808807373047
decode: 1 0 1399 1 0.006295204162597656
decode: 1 0 1400 1 0.006357669830322266
decode: 1 0 1401 1 0.006350994110107422
decode: 1 0 1402 1 0.006348609924316406
decode: 1 0 1403 1 0.006357431411743164
decode: 1 0 1404 1 0.006269216537475586
decode: 1 0 1405 1 0.006349086761474609
decode: 1 0 1406 1 0.006356477737426758
decode: 1 0 1407 1 0.006270170211791992
decode: 1 0 1408 1 0.006366252899169922
decode: 1 0 1409 1 0.006356000900268555
decode: 1 0 1410 1 0.006357908248901367
decode: 1 0 1411 1 0.006305217742919922
decode: 1 0 1412 1 0.00635075569152832
decode: 1 0 1413 1 0.0062983036041259766
decode: 1 0 1414 1 0.006334543228149414
decode: 1 0 1415 1 0.006338596343994141
decode: 1 0 1416 1 0.006276130676269531
decode: 1 0 1417 1 0.00635218620300293
decode: 1 0 1418 1 0.006356954574584961
decode: 1 0 1419 1 0.006269931793212891
decode: 1 0 1420 1 0.00634765625
decode: 1 0 1421 1 0.00635218620300293
decode: 1 0 1422 1 0.006348371505737305
decode: 1 0 1423 1 0.006349325180053711
decode: 1 0 1424 1 0.006367683410644531
decode: 1 0 1425 1 0.006296634674072266
decode: 1 0 1426 1 0.0063533782958984375
decode: 1 0 1427 1 0.006357908248901367
decode: 1 0 1428 1 0.006360769271850586
decode: 1 0 1429 1 0.00635075569152832
decode: 1 0 1430 1 0.006353855133056641
decode: 1 0 1431 1 0.006349086761474609
decode: 1 0 1432 1 0.006299257278442383
decode: 1 0 1433 1 0.006305694580078125
decode: 1 0 1434 1 0.006365537643432617
decode: 1 0 1435 1 0.0063021183013916016
decode: 1 0 1436 1 0.006360054016113281
decode: 1 0 1437 1 0.00635218620300293
decode: 1 0 1438 1 0.006355762481689453
decode: 1 0 1439 1 0.006360530853271484
decode: 1 0 1440 1 0.006296634674072266
decode: 1 0 1441 1 0.006356239318847656
decode: 1 0 1442 1 0.0063571929931640625
decode: 1 0 1443 1 0.006352424621582031
decode: 1 0 1444 1 0.006361484527587891
decode: 1 0 1445 1 0.0063724517822265625
decode: 1 0 1446 1 0.006362438201904297
decode: 1 0 1447 1 0.006346702575683594
decode: 1 0 1448 1 0.006359100341796875
decode: 1 0 1449 1 0.006337165832519531
decode: 1 0 1450 1 0.0063555240631103516
decode: 1 0 1451 1 0.006341695785522461
